6338	10132
1	2
1	3
2	4
2	5
2	6
2	7
3	8
3	9
3	10
4	11
5	12
5	13
6	14
7	15
7	16
7	17
8	18
8	19
8	20
9	21
9	22
9	23
10	24
11	25
11	26
12	27
12	28
13	29
13	30
14	31
14	32
14	33
14	34
15	35
15	36
16	37
16	38
16	39
16	40
17	41
17	42
17	43
17	44
18	45
18	46
18	47
19	48
19	49
19	50
19	51
20	52
21	53
21	54
21	55
21	56
22	57
23	58
23	59
23	60
24	61
24	62
25	63
26	64
26	65
26	66
27	67
27	68
28	69
29	70
29	71
29	72
30	73
30	74
30	75
30	76
31	77
31	78
31	79
31	80
32	81
32	82
32	83
33	84
33	85
33	86
33	87
34	88
34	89
34	90
35	91
35	92
36	93
37	94
37	95
37	96
37	97
38	98
38	99
38	100
38	101
39	102
39	103
39	104
39	105
40	106
40	107
40	108
41	109
41	110
41	111
41	112
42	113
42	114
42	115
42	116
43	117
43	118
43	119
44	120
44	121
45	122
45	123
46	124
47	125
47	126
48	127
48	128
48	129
48	130
49	131
49	132
50	133
51	134
51	135
51	136
51	137
52	138
53	139
53	140
53	141
54	142
54	143
55	144
55	145
56	146
56	147
56	148
56	149
57	150
57	151
57	152
57	153
58	154
58	155
59	156
59	157
60	158
60	159
60	160
61	161
62	162
62	163
62	164
62	165
63	166
63	167
63	168
64	169
64	170
64	171
65	172
66	173
66	174
66	175
67	176
68	177
68	178
68	179
69	180
70	181
71	182
71	183
71	184
72	185
72	186
73	187
73	188
73	189
74	190
74	191
75	192
75	193
75	194
76	195
76	196
76	197
77	198
77	199
77	200
78	201
78	202
79	203
79	204
80	205
81	206
81	207
82	208
82	209
82	210
82	211
83	212
84	213
84	214
84	215
85	216
86	217
87	218
87	219
87	220
88	221
89	222
89	223
89	224
89	225
90	226
91	227
92	228
92	229
92	230
92	231
93	232
93	233
93	234
94	235
94	236
94	237
94	238
95	239
95	240
96	241
96	242
96	243
97	244
97	245
97	246
98	247
98	248
98	249
99	250
99	251
100	252
100	253
101	254
101	255
102	256
102	257
102	258
102	259
103	260
103	261
103	262
103	263
104	264
104	265
104	266
105	267
106	268
106	269
106	270
107	271
107	272
108	273
108	274
108	275
109	276
109	277
110	278
110	279
110	280
111	281
111	282
112	283
112	284
113	285
114	286
115	287
115	288
115	289
116	290
116	291
117	292
117	293
118	294
118	295
119	296
119	297
120	298
121	299
121	300
121	301
122	302
122	303
122	304
123	305
123	306
124	307
125	308
125	309
125	310
125	311
126	312
126	313
126	314
126	315
127	316
127	317
127	318
127	319
128	320
128	321
128	322
129	323
129	324
129	325
129	326
130	327
131	328
131	329
131	330
132	331
132	332
132	333
133	334
133	335
134	336
135	337
135	338
135	339
136	340
136	341
136	342
137	343
137	344
137	345
137	346
138	347
138	348
138	349
138	350
139	351
139	352
139	353
139	354
140	355
140	356
141	357
141	358
142	359
142	360
142	361
142	362
143	363
143	364
144	365
144	366
144	367
144	368
145	369
145	370
146	371
146	372
147	373
147	374
148	375
148	376
148	377
149	378
149	379
150	380
151	381
151	382
151	383
152	384
152	385
152	386
153	387
153	388
153	389
154	390
154	391
154	392
155	393
155	394
156	395
157	396
158	397
158	398
158	399
158	400
159	401
159	402
159	403
160	404
160	405
160	406
160	407
161	408
161	409
161	410
162	411
162	412
162	413
162	414
163	415
164	416
164	417
165	418
166	419
166	420
166	421
166	422
167	423
167	424
167	425
167	426
168	427
168	428
169	429
169	430
169	431
170	432
170	433
170	434
171	435
171	436
171	437
171	438
172	439
173	440
173	441
173	442
174	443
175	444
176	445
176	446
177	447
178	448
178	449
178	450
178	451
179	452
180	453
181	454
181	455
182	456
182	457
182	458
183	459
183	460
184	461
184	462
184	463
184	464
185	465
185	466
185	467
186	468
186	469
186	470
187	471
188	472
189	473
189	474
189	475
189	476
190	477
190	478
190	479
190	480
191	481
192	482
192	483
193	484
194	485
194	486
194	487
194	488
195	489
195	490
195	491
195	492
196	493
196	494
197	495
197	496
197	497
198	498
198	499
199	500
199	501
200	502
200	503
200	504
201	505
201	506
202	507
203	508
203	509
203	510
203	511
204	512
204	513
204	514
204	515
205	516
206	517
206	518
207	519
207	520
207	521
207	522
208	523
209	524
209	525
209	526
210	527
210	528
210	529
210	530
211	531
212	532
213	533
214	534
214	535
215	536
215	537
216	538
216	539
216	540
217	541
217	542
217	543
217	544
218	545
218	546
219	547
219	548
220	549
220	550
220	551
220	552
221	553
221	554
221	555
221	556
222	557
222	558
222	559
222	560
223	561
223	562
223	563
224	564
224	565
224	566
224	567
225	568
226	569
227	570
227	571
227	572
228	573
228	574
228	575
229	576
230	577
231	578
231	579
231	580
232	581
232	582
233	583
233	584
234	585
234	586
234	587
235	588
235	589
236	590
236	591
237	592
238	593
238	594
238	595
239	596
239	597
239	598
240	599
241	600
241	601
241	602
242	603
242	604
242	605
242	606
243	607
243	608
243	609
244	610
244	611
245	612
245	613
245	614
246	615
246	616
246	617
246	618
247	619
247	620
247	621
247	622
248	623
249	624
250	625
250	626
250	627
250	628
251	629
251	630
251	631
252	632
252	633
252	634
253	635
254	636
254	637
254	638
254	639
255	640
256	641
256	642
256	643
257	644
257	645
257	646
258	647
258	648
258	649
259	650
259	651
259	652
259	653
260	654
260	655
261	656
261	657
262	658
262	659
262	660
263	661
264	662
265	663
265	664
266	665
266	666
266	667
267	668
267	669
267	670
268	671
268	672
268	673
268	674
269	675
269	676
270	677
270	678
270	679
270	680
271	681
271	682
272	683
273	684
274	685
274	686
275	687
275	688
275	689
275	690
276	691
277	692
278	693
278	694
278	695
279	696
279	697
279	698
279	699
280	700
280	701
281	702
281	703
282	704
283	705
283	706
284	707
284	708
285	709
285	710
285	711
285	712
286	713
286	714
286	715
286	716
287	717
287	718
287	719
288	720
288	721
289	722
289	723
289	724
290	725
290	726
291	727
292	728
292	729
292	730
293	731
293	732
294	733
294	734
295	735
296	736
297	737
297	738
298	739
298	740
298	741
299	742
299	743
300	744
300	745
301	746
302	747
302	748
303	749
304	750
305	751
305	752
306	753
306	754
306	755
306	756
307	757
307	758
307	759
308	760
308	761
309	762
309	763
310	764
311	765
311	766
312	767
313	768
313	769
313	770
314	771
314	772
315	773
315	774
315	775
315	776
316	777
316	778
316	779
316	780
317	781
317	782
317	783
317	784
318	785
319	786
319	787
319	788
319	789
320	790
320	791
321	792
321	793
322	794
322	795
323	796
323	797
323	798
324	799
324	800
325	801
325	802
326	803
326	804
326	805
326	806
327	807
327	808
328	809
329	810
329	811
329	812
330	813
330	814
331	815
332	816
332	817
332	818
333	819
333	820
333	821
333	822
334	823
334	824
334	825
335	826
335	827
335	828
336	829
336	830
337	831
338	832
338	833
338	834
338	835
339	836
339	837
339	838
340	839
340	840
340	841
340	842
341	843
341	844
342	845
342	846
342	847
342	848
343	849
343	850
344	851
344	852
345	853
346	854
347	855
348	856
348	857
349	858
349	859
350	860
351	861
351	862
352	863
352	864
352	865
353	866
353	867
353	868
354	869
354	870
354	871
355	872
355	873
356	874
357	875
358	876
358	877
358	878
359	879
359	880
360	881
360	882
361	883
361	884
361	885
361	886
362	887
362	888
362	889
363	890
363	891
364	892
364	893
364	894
365	895
366	896
366	897
366	898
366	899
367	900
368	901
368	902
368	903
368	904
369	905
369	906
370	907
371	908
371	909
371	910
372	911
372	912
372	913
373	914
373	915
374	916
374	917
375	918
375	919
375	920
376	921
376	922
377	923
377	924
377	925
378	926
378	927
378	928
379	929
380	930
380	931
380	932
381	933
381	934
381	935
381	936
382	937
382	938
383	939
383	940
383	941
384	942
384	943
384	944
384	945
385	946
385	947
385	948
386	949
386	950
387	951
387	952
388	953
388	954
388	955
389	956
389	957
389	958
390	959
391	960
391	961
391	962
392	963
392	964
392	965
393	966
394	967
394	968
394	969
394	970
395	971
395	972
396	973
396	974
396	975
397	976
397	977
397	978
397	979
398	980
398	981
399	982
399	983
399	984
400	985
400	986
401	987
401	988
402	989
402	990
402	991
403	992
403	993
403	994
403	995
404	996
405	997
406	998
406	999
407	1000
407	1001
407	1002
408	1003
409	1004
409	1005
410	1006
410	1007
410	1008
410	1009
411	1010
411	1011
411	1012
412	1013
412	1014
412	1015
412	1016
413	1017
413	1018
413	1019
413	1020
414	1021
414	1022
415	1023
415	1024
415	1025
415	1026
416	1027
417	1028
417	1029
417	1030
417	1031
418	1032
419	1033
419	1034
420	1035
420	1036
421	1037
421	1038
421	1039
421	1040
422	1041
423	1042
423	1043
424	1044
424	1045
425	1046
425	1047
426	1048
426	1049
426	1050
426	1051
427	1052
428	1053
428	1054
428	1055
429	1056
429	1057
429	1058
430	1059
430	1060
430	1061
431	1062
432	1063
433	1064
433	1065
433	1066
433	1067
434	1068
435	1069
435	1070
436	1071
436	1072
436	1073
437	1074
437	1075
437	1076
438	1077
438	1078
438	1079
439	1080
439	1081
439	1082
439	1083
440	1084
440	1085
441	1086
441	1087
441	1088
441	1089
442	1090
443	1091
444	1092
444	1093
444	1094
444	1095
445	1096
445	1097
446	1098
446	1099
446	1100
447	1101
448	1102
448	1103
448	1104
449	1105
449	1106
449	1107
449	1108
450	1109
451	1110
451	1111
451	1112
451	1113
452	1114
452	1115
453	1116
454	1117
454	1118
454	1119
455	1120
455	1121
455	1122
456	1123
456	1124
456	1125
457	1126
457	1127
457	1128
457	1129
458	1130
458	1131
458	1132
459	1133
459	1134
459	1135
460	1136
460	1137
461	1138
461	1139
461	1140
461	1141
462	1142
463	1143
463	1144
463	1145
464	1146
465	1147
465	1148
465	1149
465	1150
466	1151
467	1152
468	1153
468	1154
468	1155
468	1156
469	1157
470	1158
470	1159
470	1160
471	1161
471	1162
471	1163
472	1164
472	1165
473	1166
473	1167
473	1168
474	1169
474	1170
474	1171
474	1172
475	1173
476	1174
476	1175
476	1176
476	1177
477	1178
477	1179
477	1180
477	1181
478	1182
478	1183
478	1184
479	1185
480	1186
480	1187
481	1188
481	1189
481	1190
482	1191
482	1192
482	1193
483	1194
483	1195
484	1196
484	1197
484	1198
484	1199
485	1200
485	1201
486	1202
486	1203
486	1204
487	1205
487	1206
488	1207
488	1208
488	1209
488	1210
489	1211
489	1212
490	1213
491	1214
491	1215
491	1216
491	1217
492	1218
493	1219
493	1220
493	1221
494	1222
494	1223
494	1224
495	1225
495	1226
495	1227
495	1228
496	1229
497	1230
497	1231
498	1232
498	1233
499	1234
499	1235
499	1236
499	1237
500	1238
500	1239
501	1240
502	1241
503	1242
503	1243
503	1244
504	1245
505	1246
505	1247
505	1248
506	1249
506	1250
506	1251
507	1252
507	1253
507	1254
507	1255
508	1256
508	1257
508	1258
508	1259
509	1260
509	1261
509	1262
509	1263
510	1264
510	1265
510	1266
510	1267
511	1268
511	1269
512	1270
513	1271
513	1272
513	1273
514	1274
515	1275
516	1276
516	1277
516	1278
516	1279
517	1280
518	1281
518	1282
518	1283
518	1284
519	1285
519	1286
519	1287
520	1288
520	1289
521	1290
522	1291
522	1292
523	1293
523	1294
523	1295
524	1296
524	1297
524	1298
525	1299
525	1300
526	1301
526	1302
526	1303
526	1304
527	1305
527	1306
528	1307
529	1308
529	1309
529	1310
530	1311
530	1312
530	1313
530	1314
531	1315
531	1316
531	1317
531	1318
532	1319
533	1320
533	1321
534	1322
535	1323
535	1324
536	1325
537	1326
537	1327
538	1328
538	1329
538	1330
538	1331
539	1332
539	1333
540	1334
540	1335
540	1336
541	1337
542	1338
543	1339
543	1340
544	1341
545	1342
545	1343
546	1344
547	1345
547	1346
547	1347
547	1348
548	1349
549	1350
549	1351
549	1352
549	1353
550	1354
551	1355
552	1356
552	1357
552	1358
553	1359
553	1360
553	1361
553	1362
554	1363
554	1364
555	1365
556	1366
557	1367
557	1368
557	1369
558	1370
558	1371
559	1372
559	1373
559	1374
560	1375
560	1376
561	1377
561	1378
562	1379
562	1380
562	1381
562	1382
563	1383
563	1384
564	1385
564	1386
565	1387
566	1388
566	1389
566	1390
567	1391
567	1392
568	1393
569	1394
569	1395
570	1396
571	1397
571	1398
572	1399
572	1400
573	1401
573	1402
573	1403
573	1404
574	1405
574	1406
575	1407
575	1408
576	1409
576	1410
577	1411
577	1412
577	1413
577	1414
578	1415
579	1416
580	1417
580	1418
580	1419
580	1420
581	1421
581	1422
582	1423
582	1424
582	1425
583	1426
584	1427
584	1428
584	1429
585	1430
585	1431
585	1432
586	1433
587	1434
587	1435
588	1436
588	1437
589	1438
590	1439
590	1440
590	1441
590	1442
591	1443
591	1444
591	1445
591	1446
592	1447
592	1448
592	1449
592	1450
593	1451
593	1452
593	1453
593	1454
594	1455
594	1456
594	1457
594	1458
595	1459
595	1460
595	1461
595	1462
596	1463
597	1464
597	1465
597	1466
597	1467
598	1468
598	1469
598	1470
599	1471
599	1472
599	1473
599	1474
600	1475
600	1476
600	1477
601	1478
601	1479
601	1480
602	1481
602	1482
602	1483
602	1484
603	1485
603	1486
604	1487
604	1488
604	1489
604	1490
605	1491
605	1492
605	1493
605	1494
606	1495
606	1496
607	1497
607	1498
608	1499
608	1500
608	1501
609	1502
609	1503
609	1504
610	1505
610	1506
610	1507
611	1508
611	1509
612	1510
612	1511
612	1512
612	1513
613	1514
613	1515
613	1516
614	1517
614	1518
614	1519
615	1520
615	1521
615	1522
615	1523
616	1524
616	1525
617	1526
617	1527
618	1528
618	1529
618	1530
619	1531
619	1532
620	1533
620	1534
620	1535
621	1536
622	1537
622	1538
623	1539
624	1540
624	1541
625	1542
625	1543
625	1544
626	1545
627	1546
627	1547
628	1548
629	1549
629	1550
630	1551
630	1552
631	1553
631	1554
631	1555
631	1556
632	1557
632	1558
632	1559
632	1560
633	1561
633	1562
633	1563
634	1564
634	1565
634	1566
635	1567
635	1568
635	1569
635	1570
636	1571
636	1572
637	1573
638	1574
638	1575
638	1576
639	1577
640	1578
640	1579
640	1580
640	1581
641	1582
642	1583
642	1584
643	1585
644	1586
644	1587
645	1588
645	1589
645	1590
645	1591
646	1592
647	1593
647	1594
647	1595
648	1596
648	1597
648	1598
649	1599
649	1600
650	1601
651	1602
652	1603
652	1604
652	1605
652	1606
653	1607
653	1608
654	1609
654	1610
654	1611
654	1612
655	1613
656	1614
657	1615
657	1616
658	1617
658	1618
658	1619
659	1620
659	1621
660	1622
660	1623
661	1624
661	1625
661	1626
662	1627
662	1628
663	1629
663	1630
664	1631
664	1632
664	1633
665	1634
665	1635
665	1636
665	1637
666	1638
667	1639
668	1640
668	1641
668	1642
669	1643
669	1644
669	1645
669	1646
670	1647
670	1648
670	1649
670	1650
671	1651
672	1652
672	1653
673	1654
674	1655
674	1656
675	1657
675	1658
675	1659
675	1660
676	1661
676	1662
677	1663
677	1664
677	1665
677	1666
678	1667
679	1668
680	1669
680	1670
681	1671
681	1672
682	1673
683	1674
683	1675
684	1676
684	1677
684	1678
684	1679
685	1680
685	1681
685	1682
685	1683
686	1684
686	1685
687	1686
687	1687
688	1688
689	1689
689	1690
690	1691
690	1692
690	1693
691	1694
691	1695
692	1696
692	1697
693	1698
693	1699
693	1700
693	1701
694	1702
694	1703
694	1704
694	1705
695	1706
695	1707
696	1708
697	1709
698	1710
698	1711
699	1712
700	1713
700	1714
700	1715
700	1716
701	1717
701	1718
701	1719
702	1720
703	1721
703	1722
703	1723
703	1724
704	1725
705	1726
705	1727
705	1728
705	1729
706	1730
706	1731
706	1732
707	1733
707	1734
707	1735
708	1736
708	1737
708	1738
709	1739
709	1740
709	1741
709	1742
710	1743
710	1744
710	1745
710	1746
711	1747
712	1748
712	1749
712	1750
712	1751
713	1752
713	1753
714	1754
714	1755
714	1756
714	1757
715	1758
715	1759
715	1760
716	1761
716	1762
716	1763
716	1764
717	1765
717	1766
717	1767
718	1768
718	1769
718	1770
718	1771
719	1772
719	1773
720	1774
721	1775
722	1776
722	1777
722	1778
723	1779
723	1780
723	1781
723	1782
724	1783
724	1784
725	1785
725	1786
725	1787
725	1788
726	1789
727	1790
727	1791
727	1792
728	1793
729	1794
729	1795
729	1796
730	1797
730	1798
731	1799
731	1800
731	1801
731	1802
732	1803
732	1804
732	1805
732	1806
733	1807
733	1808
733	1809
733	1810
734	1811
734	1812
734	1813
735	1814
735	1815
735	1816
736	1817
736	1818
736	1819
736	1820
737	1821
738	1822
739	1823
739	1824
739	1825
739	1826
740	1827
741	1828
741	1829
742	1830
742	1831
742	1832
742	1833
743	1834
743	1835
744	1836
745	1837
745	1838
745	1839
746	1840
746	1841
746	1842
747	1843
747	1844
748	1845
748	1846
748	1847
749	1848
749	1849
749	1850
749	1851
750	1852
750	1853
751	1854
751	1855
752	1856
753	1857
753	1858
754	1859
755	1860
755	1861
756	1862
757	1863
757	1864
757	1865
758	1866
758	1867
758	1868
759	1869
759	1870
760	1871
760	1872
760	1873
760	1874
761	1875
762	1876
763	1877
764	1878
764	1879
764	1880
764	1881
765	1882
765	1883
765	1884
766	1885
766	1886
766	1887
766	1888
767	1889
767	1890
768	1891
768	1892
768	1893
768	1894
769	1895
769	1896
769	1897
769	1898
770	1899
770	1900
770	1901
770	1902
771	1903
772	1904
772	1905
773	1906
773	1907
773	1908
773	1909
774	1910
774	1911
775	1912
776	1913
776	1914
776	1915
776	1916
777	1917
777	1918
777	1919
777	1920
778	1921
779	1922
779	1923
779	1924
779	1925
780	1926
780	1927
781	1928
781	1929
782	1930
782	1931
782	1932
782	1933
783	1934
783	1935
784	1936
784	1937
785	1938
786	1939
786	1940
786	1941
787	1942
788	1943
789	1944
789	1945
790	1946
790	1947
790	1948
791	1949
791	1950
791	1951
792	1952
793	1953
793	1954
793	1955
794	1956
794	1957
794	1958
795	1959
795	1960
796	1961
796	1962
796	1963
796	1964
797	1965
797	1966
797	1967
798	1968
799	1969
800	1970
800	1971
800	1972
800	1973
801	1974
802	1975
802	1976
802	1977
802	1978
803	1979
803	1980
803	1981
803	1982
804	1983
804	1984
804	1985
805	1986
805	1987
806	1988
806	1989
806	1990
807	1991
807	1992
808	1993
808	1994
809	1995
810	1996
811	1997
811	1998
811	1999
811	2000
812	2001
812	2002
812	2003
812	2004
813	2005
813	2006
814	2007
814	2008
814	2009
815	2010
816	2011
816	2012
816	2013
816	2014
817	2015
817	2016
817	2017
818	2018
818	2019
818	2020
819	2021
819	2022
819	2023
819	2024
820	2025
820	2026
821	2027
821	2028
821	2029
821	2030
822	2031
822	2032
823	2033
823	2034
824	2035
825	2036
826	2037
826	2038
826	2039
826	2040
827	2041
828	2042
828	2043
828	2044
829	2045
829	2046
829	2047
829	2048
830	2049
830	2050
831	2051
831	2052
831	2053
832	2054
833	2055
834	2056
835	2057
835	2058
835	2059
836	2060
836	2061
836	2062
837	2063
837	2064
838	2065
838	2066
839	2067
840	2068
840	2069
841	2070
841	2071
841	2072
842	2073
843	2074
843	2075
843	2076
843	2077
844	2078
844	2079
845	2080
845	2081
846	2082
847	2083
848	2084
848	2085
849	2086
849	2087
849	2088
850	2089
850	2090
850	2091
851	2092
852	2093
853	2094
854	2095
854	2096
854	2097
855	2098
855	2099
855	2100
856	2101
856	2102
856	2103
856	2104
857	2105
857	2106
857	2107
857	2108
858	2109
858	2110
858	2111
858	2112
859	2113
859	2114
859	2115
860	2116
860	2117
861	2118
861	2119
862	2120
862	2121
862	2122
862	2123
863	2124
863	2125
864	2126
864	2127
864	2128
865	2129
865	2130
865	2131
866	2132
866	2133
866	2134
867	2135
867	2136
867	2137
868	2138
868	2139
868	2140
869	2141
869	2142
870	2143
870	2144
871	2145
872	2146
873	2147
874	2148
874	2149
874	2150
875	2151
875	2152
876	2153
876	2154
876	2155
877	2156
877	2157
877	2158
877	2159
878	2160
878	2161
878	2162
879	2163
879	2164
879	2165
879	2166
880	2167
881	2168
882	2169
883	2170
883	2171
884	2172
884	2173
885	2174
885	2175
886	2176
887	2177
888	2178
889	2179
889	2180
889	2181
890	2182
890	2183
890	2184
891	2185
891	2186
891	2187
892	2188
892	2189
892	2190
892	2191
893	2192
893	2193
894	2194
895	2195
895	2196
895	2197
895	2198
896	2199
897	2200
897	2201
897	2202
897	2203
898	2204
898	2205
899	2206
899	2207
899	2208
900	2209
900	2210
901	2211
901	2212
902	2213
903	2214
903	2215
903	2216
904	2217
904	2218
905	2219
905	2220
905	2221
906	2222
907	2223
907	2224
907	2225
908	2226
908	2227
908	2228
908	2229
909	2230
909	2231
909	2232
909	2233
910	2234
910	2235
911	2236
911	2237
911	2238
912	2239
912	2240
912	2241
912	2242
913	2243
914	2244
914	2245
914	2246
914	2247
915	2248
915	2249
915	2250
915	2251
916	2252
916	2253
916	2254
916	2255
917	2256
917	2257
918	2258
918	2259
919	2260
920	2261
921	2262
921	2263
922	2264
922	2265
923	2266
923	2267
923	2268
924	2269
924	2270
925	2271
925	2272
925	2273
926	2274
926	2275
926	2276
927	2277
927	2278
928	2279
928	2280
928	2281
929	2282
929	2283
930	2284
930	2285
930	2286
931	2287
932	2288
932	2289
933	2290
933	2291
933	2292
933	2293
934	2294
934	2295
935	2296
935	2297
935	2298
935	2299
936	2300
936	2301
937	2302
937	2303
938	2304
938	2305
939	2306
939	2307
939	2308
940	2309
941	2310
941	2311
941	2312
941	2313
942	2314
943	2315
943	2316
944	2317
944	2318
944	2319
944	2320
945	2321
945	2322
945	2323
945	2324
946	2325
946	2326
946	2327
946	2328
947	2329
947	2330
947	2331
948	2332
948	2333
948	2334
948	2335
949	2336
950	2337
951	2338
951	2339
951	2340
952	2341
952	2342
952	2343
953	2344
953	2345
954	2346
954	2347
954	2348
955	2349
956	2350
956	2351
956	2352
957	2353
958	2354
958	2355
958	2356
958	2357
959	2358
959	2359
959	2360
959	2361
960	2362
960	2363
961	2364
961	2365
961	2366
961	2367
962	2368
962	2369
962	2370
962	2371
963	2372
963	2373
963	2374
964	2375
964	2376
964	2377
965	2378
965	2379
966	2380
967	2381
967	2382
968	2383
969	2384
970	2385
970	2386
971	2387
971	2388
972	2389
973	2390
973	2391
974	2392
974	2393
974	2394
975	2395
975	2396
975	2397
975	2398
976	2399
976	2400
976	2401
976	2402
977	2403
978	2404
979	2405
979	2406
979	2407
980	2408
981	2409
981	2410
981	2411
981	2412
982	2413
982	2414
983	2415
983	2416
983	2417
984	2418
984	2419
984	2420
984	2421
985	2422
985	2423
986	2424
986	2425
986	2426
986	2427
987	2428
987	2429
988	2430
988	2431
988	2432
988	2433
989	2434
990	2435
990	2436
991	2437
992	2438
992	2439
993	2440
993	2441
993	2442
994	2443
994	2444
994	2445
995	2446
995	2447
996	2448
996	2449
997	2450
997	2451
997	2452
998	2453
999	2454
1000	2455
1000	2456
1001	2457
1001	2458
1001	2459
1001	2460
1002	2461
1003	2462
1003	2463
1003	2464
1003	2465
1004	2466
1005	2467
1005	2468
1006	2469
1006	2470
1007	2471
1007	2472
1007	2473
1008	2474
1009	2475
1010	2476
1010	2477
1010	2478
1011	2479
1011	2480
1011	2481
1012	2482
1012	2483
1012	2484
1012	2485
1013	2486
1013	2487
1014	2488
1015	2489
1016	2490
1016	2491
1016	2492
1017	2493
1017	2494
1018	2495
1018	2496
1018	2497
1019	2498
1019	2499
1020	2500
1021	2501
1021	2502
1022	2503
1022	2504
1022	2505
1022	2506
1023	2507
1023	2508
1023	2509
1024	2510
1024	2511
1025	2512
1026	2513
1026	2514
1027	2515
1027	2516
1028	2517
1028	2518
1028	2519
1029	2520
1029	2521
1029	2522
1029	2523
1030	2524
1030	2525
1030	2526
1030	2527
1031	2528
1031	2529
1031	2530
1032	2531
1033	2532
1033	2533
1033	2534
1034	2535
1034	2536
1034	2537
1035	2538
1035	2539
1035	2540
1035	2541
1036	2542
1036	2543
1036	2544
1036	2545
1037	2546
1037	2547
1038	2548
1039	2549
1040	2550
1040	2551
1040	2552
1041	2553
1041	2554
1041	2555
1042	2556
1042	2557
1043	2558
1044	2559
1045	2560
1045	2561
1045	2562
1046	2563
1046	2564
1047	2565
1048	2566
1049	2567
1049	2568
1049	2569
1050	2570
1050	2571
1051	2572
1052	2573
1053	2574
1053	2575
1053	2576
1053	2577
1054	2578
1055	2579
1055	2580
1055	2581
1055	2582
1056	2583
1056	2584
1056	2585
1057	2586
1057	2587
1057	2588
1057	2589
1058	2590
1058	2591
1058	2592
1059	2593
1059	2594
1059	2595
1060	2596
1061	2597
1061	2598
1061	2599
1061	2600
1062	2601
1063	2602
1063	2603
1064	2604
1064	2605
1064	2606
1064	2607
1065	2608
1065	2609
1065	2610
1066	2611
1066	2612
1066	2613
1066	2614
1067	2615
1067	2616
1067	2617
1068	2618
1068	2619
1068	2620
1069	2621
1069	2622
1069	2623
1069	2624
1070	2625
1070	2626
1070	2627
1071	2628
1071	2629
1071	2630
1072	2631
1073	2632
1073	2633
1073	2634
1074	2635
1074	2636
1075	2637
1075	2638
1075	2639
1076	2640
1076	2641
1076	2642
1077	2643
1077	2644
1077	2645
1078	2646
1079	2647
1079	2648
1080	2649
1080	2650
1081	2651
1081	2652
1081	2653
1081	2654
1082	2655
1082	2656
1082	2657
1083	2658
1083	2659
1083	2660
1084	2661
1084	2662
1084	2663
1084	2664
1085	2665
1085	2666
1085	2667
1086	2668
1086	2669
1086	2670
1087	2671
1088	2672
1089	2673
1089	2674
1089	2675
1090	2676
1090	2677
1090	2678
1090	2679
1091	2680
1092	2681
1093	2682
1093	2683
1093	2684
1094	2685
1095	2686
1095	2687
1095	2688
1095	2689
1096	2690
1096	2691
1096	2692
1096	2693
1097	2694
1097	2695
1097	2696
1098	2697
1098	2698
1098	2699
1098	2700
1099	2701
1100	2702
1100	2703
1101	2704
1101	2705
1101	2706
1102	2707
1102	2708
1103	2709
1104	2710
1104	2711
1104	2712
1104	2713
1105	2714
1106	2715
1106	2716
1106	2717
1107	2718
1107	2719
1108	2720
1108	2721
1109	2722
1109	2723
1109	2724
1110	2725
1110	2726
1111	2727
1112	2728
1113	2729
1114	2730
1114	2731
1114	2732
1114	2733
1115	2734
1115	2735
1115	2736
1116	2737
1116	2738
1116	2739
1116	2740
1117	2741
1117	2742
1117	2743
1117	2744
1118	2745
1119	2746
1119	2747
1120	2748
1120	2749
1120	2750
1121	2751
1121	2752
1121	2753
1122	2754
1122	2755
1122	2756
1123	2757
1123	2758
1123	2759
1124	2760
1124	2761
1124	2762
1125	2763
1126	2764
1126	2765
1127	2766
1127	2767
1127	2768
1128	2769
1128	2770
1128	2771
1128	2772
1129	2773
1129	2774
1129	2775
1129	2776
1130	2777
1130	2778
1130	2779
1130	2780
1131	2781
1131	2782
1132	2783
1132	2784
1132	2785
1132	2786
1133	2787
1133	2788
1133	2789
1133	2790
1134	2791
1135	2792
1135	2793
1135	2794
1136	2795
1136	2796
1136	2797
1137	2798
1137	2799
1138	2800
1139	2801
1139	2802
1140	2803
1140	2804
1140	2805
1141	2806
1141	2807
1142	2808
1143	2809
1143	2810
1144	2811
1144	2812
1145	2813
1145	2814
1145	2815
1146	2816
1146	2817
1146	2818
1146	2819
1147	2820
1147	2821
1147	2822
1148	2823
1148	2824
1149	2825
1149	2826
1150	2827
1150	2828
1150	2829
1151	2830
1151	2831
1152	2832
1153	2833
1153	2834
1154	2835
1154	2836
1154	2837
1155	2838
1155	2839
1156	2840
1157	2841
1157	2842
1157	2843
1158	2844
1159	2845
1159	2846
1159	2847
1159	2848
1160	2849
1160	2850
1161	2851
1161	2852
1161	2853
1161	2854
1162	2855
1162	2856
1163	2857
1163	2858
1164	2859
1165	2860
1165	2861
1166	2862
1166	2863
1166	2864
1166	2865
1167	2866
1168	2867
1168	2868
1168	2869
1169	2870
1170	2871
1171	2872
1171	2873
1172	2874
1172	2875
1173	2876
1174	2877
1174	2878
1175	2879
1176	2880
1176	2881
1176	2882
1177	2883
1178	2884
1178	2885
1178	2886
1179	2887
1180	2888
1181	2889
1181	2890
1182	2891
1183	2892
1183	2893
1183	2894
1184	2895
1184	2896
1184	2897
1184	2898
1185	2899
1185	2900
1185	2901
1185	2902
1186	2903
1186	2904
1186	2905
1186	2906
1187	2907
1187	2908
1188	2909
1188	2910
1189	2911
1189	2912
1189	2913
1189	2914
1190	2915
1190	2916
1191	2917
1191	2918
1192	2919
1192	2920
1193	2921
1194	2922
1194	2923
1194	2924
1195	2925
1195	2926
1195	2927
1195	2928
1196	2929
1196	2930
1197	2931
1198	2932
1198	2933
1198	2934
1199	2935
1199	2936
1200	2937
1200	2938
1200	2939
1201	2940
1201	2941
1202	2942
1203	2943
1203	2944
1203	2945
1203	2946
1204	2947
1204	2948
1205	2949
1205	2950
1206	2951
1206	2952
1207	2953
1208	2954
1209	2955
1209	2956
1209	2957
1210	2958
1210	2959
1210	2960
1210	2961
1211	2962
1212	2963
1212	2964
1212	2965
1213	2966
1213	2967
1213	2968
1214	2969
1214	2970
1214	2971
1215	2972
1215	2973
1215	2974
1216	2975
1216	2976
1216	2977
1216	2978
1217	2979
1217	2980
1217	2981
1218	2982
1219	2983
1219	2984
1219	2985
1220	2986
1220	2987
1220	2988
1220	2989
1221	2990
1221	2991
1221	2992
1221	2993
1222	2994
1223	2995
1223	2996
1223	2997
1224	2998
1225	2999
1225	3000
1225	3001
1226	3002
1226	3003
1226	3004
1226	3005
1227	3006
1228	3007
1228	3008
1228	3009
1229	3010
1230	3011
1230	3012
1231	3013
1231	3014
1231	3015
1232	3016
1232	3017
1232	3018
1232	3019
1233	3020
1233	3021
1234	3022
1234	3023
1235	3024
1235	3025
1236	3026
1236	3027
1236	3028
1236	3029
1237	3030
1237	3031
1237	3032
1238	3033
1238	3034
1238	3035
1239	3036
1239	3037
1239	3038
1239	3039
1240	3040
1240	3041
1240	3042
1241	3043
1241	3044
1242	3045
1243	3046
1244	3047
1244	3048
1244	3049
1244	3050
1245	3051
1246	3052
1247	3053
1247	3054
1247	3055
1248	3056
1248	3057
1248	3058
1248	3059
1249	3060
1250	3061
1250	3062
1250	3063
1250	3064
1251	3065
1252	3066
1252	3067
1252	3068
1252	3069
1253	3070
1253	3071
1253	3072
1253	3073
1254	3074
1254	3075
1254	3076
1255	3077
1256	3078
1256	3079
1256	3080
1257	3081
1257	3082
1257	3083
1257	3084
1258	3085
1258	3086
1258	3087
1259	3088
1259	3089
1260	3090
1260	3091
1260	3092
1261	3093
1261	3094
1261	3095
1262	3096
1263	3097
1263	3098
1263	3099
1263	3100
1264	3101
1265	3102
1265	3103
1265	3104
1265	3105
1266	3106
1267	3107
1268	3108
1268	3109
1268	3110
1269	3111
1269	3112
1269	3113
1269	3114
1270	3115
1270	3116
1271	3117
1271	3118
1271	3119
1271	3120
1272	3121
1272	3122
1272	3123
1273	3124
1273	3125
1273	3126
1273	3127
1274	3128
1275	3129
1275	3130
1275	3131
1275	3132
1276	3133
1277	3134
1277	3135
1277	3136
1277	3137
1278	3138
1278	3139
1278	3140
1279	3141
1279	3142
1279	3143
1280	3144
1281	3145
1282	3146
1282	3147
1282	3148
1282	3149
1283	3150
1283	3151
1283	3152
1284	3153
1285	3154
1285	3155
1285	3156
1286	3157
1286	3158
1287	3159
1288	3160
1288	3161
1288	3162
1289	3163
1289	3164
1290	3165
1290	3166
1291	3167
1291	3168
1291	3169
1291	3170
1292	3171
1292	3172
1292	3173
1293	3174
1293	3175
1294	3176
1295	3177
1296	3178
1296	3179
1296	3180
1296	3181
1297	3182
1298	3183
1298	3184
1298	3185
1298	3186
1299	3187
1300	3188
1300	3189
1300	3190
1300	3191
1301	3192
1301	3193
1301	3194
1302	3195
1302	3196
1302	3197
1302	3198
1303	3199
1303	3200
1304	3201
1305	3202
1305	3203
1305	3204
1305	3205
1306	3206
1306	3207
1306	3208
1306	3209
1307	3210
1308	3211
1308	3212
1309	3213
1310	3214
1310	3215
1311	3216
1311	3217
1311	3218
1312	3219
1312	3220
1313	3221
1313	3222
1313	3223
1313	3224
1314	3225
1314	3226
1315	3227
1315	3228
1316	3229
1316	3230
1316	3231
1317	3232
1318	3233
1318	3234
1318	3235
1318	3236
1319	3237
1319	3238
1319	3239
1320	3240
1320	3241
1321	3242
1322	3243
1322	3244
1322	3245
1323	3246
1323	3247
1324	3248
1324	3249
1325	3250
1325	3251
1326	3252
1326	3253
1326	3254
1326	3255
1327	3256
1327	3257
1328	3258
1328	3259
1329	3260
1329	3261
1329	3262
1330	3263
1331	3264
1332	3265
1332	3266
1332	3267
1333	3268
1333	3269
1334	3270
1334	3271
1334	3272
1335	3273
1335	3274
1336	3275
1336	3276
1337	3277
1337	3278
1337	3279
1338	3280
1338	3281
1338	3282
1339	3283
1340	3284
1340	3285
1341	3286
1341	3287
1341	3288
1342	3289
1342	3290
1342	3291
1342	3292
1343	3293
1343	3294
1344	3295
1344	3296
1344	3297
1344	3298
1345	3299
1345	3300
1345	3301
1345	3302
1346	3303
1346	3304
1346	3305
1346	3306
1347	3307
1347	3308
1348	3309
1348	3310
1348	3311
1348	3312
1349	3313
1349	3314
1349	3315
1350	3316
1350	3317
1350	3318
1351	3319
1351	3320
1351	3321
1352	3322
1352	3323
1352	3324
1353	3325
1353	3326
1353	3327
1354	3328
1354	3329
1354	3330
1354	3331
1355	3332
1355	3333
1355	3334
1356	3335
1357	3336
1357	3337
1357	3338
1357	3339
1358	3340
1358	3341
1358	3342
1359	3343
1359	3344
1360	3345
1361	3346
1361	3347
1361	3348
1361	3349
1362	3350
1362	3351
1362	3352
1363	3353
1363	3354
1363	3355
1364	3356
1364	3357
1364	3358
1365	3359
1366	3360
1367	3361
1367	3362
1367	3363
1368	3364
1368	3365
1369	3366
1369	3367
1369	3368
1370	3369
1370	3370
1370	3371
1370	3372
1371	3373
1371	3374
1371	3375
1371	3376
1372	3377
1372	3378
1373	3379
1373	3380
1373	3381
1374	3382
1374	3383
1375	3384
1375	3385
1376	3386
1376	3387
1376	3388
1377	3389
1377	3390
1377	3391
1378	3392
1378	3393
1378	3394
1379	3395
1379	3396
1379	3397
1380	3398
1380	3399
1381	3400
1381	3401
1381	3402
1381	3403
1382	3404
1383	3405
1383	3406
1383	3407
1383	3408
1384	3409
1384	3410
1384	3411
1385	3412
1385	3413
1386	3414
1386	3415
1386	3416
1386	3417
1387	3418
1387	3419
1388	3420
1388	3421
1388	3422
1388	3423
1389	3424
1389	3425
1389	3426
1390	3427
1390	3428
1390	3429
1391	3430
1391	3431
1392	3432
1393	3433
1393	3434
1393	3435
1394	3436
1395	3437
1396	3438
1397	3439
1397	3440
1398	3441
1399	3442
1399	3443
1399	3444
1400	3445
1400	3446
1400	3447
1400	3448
1401	3449
1401	3450
1401	3451
1402	3452
1402	3453
1402	3454
1402	3455
1403	3456
1403	3457
1404	3458
1405	3459
1405	3460
1405	3461
1406	3462
1407	3463
1408	3464
1408	3465
1409	3466
1410	3467
1410	3468
1410	3469
1411	3470
1412	3471
1413	3472
1413	3473
1413	3474
1413	3475
1414	3476
1415	3477
1415	3478
1415	3479
1415	3480
1416	3481
1417	3482
1418	3483
1418	3484
1419	3485
1419	3486
1419	3487
1419	3488
1420	3489
1420	3490
1421	3491
1421	3492
1421	3493
1421	3494
1422	3495
1422	3496
1423	3497
1423	3498
1424	3499
1425	3500
1426	3501
1427	3502
1427	3503
1427	3504
1427	3505
1428	3506
1428	3507
1428	3508
1428	3509
1429	3510
1429	3511
1429	3512
1430	3513
1430	3514
1431	3515
1431	3516
1431	3517
1431	3518
1432	3519
1433	3520
1433	3521
1433	3522
1434	3523
1434	3524
1434	3525
1435	3526
1435	3527
1436	3528
1436	3529
1436	3530
1436	3531
1437	3532
1438	3533
1438	3534
1438	3535
1439	3536
1439	3537
1439	3538
1439	3539
1440	3540
1441	3541
1442	3542
1442	3543
1442	3544
1442	3545
1443	3546
1443	3547
1443	3548
1443	3549
1444	3550
1444	3551
1445	3552
1445	3553
1445	3554
1445	3555
1446	3556
1446	3557
1446	3558
1447	3559
1448	3560
1448	3561
1449	3562
1450	3563
1450	3564
1450	3565
1450	3566
1451	3567
1452	3568
1452	3569
1452	3570
1453	3571
1454	3572
1454	3573
1455	3574
1455	3575
1456	3576
1456	3577
1457	3578
1458	3579
1458	3580
1459	3581
1459	3582
1459	3583
1459	3584
1460	3585
1461	3586
1461	3587
1461	3588
1462	3589
1462	3590
1463	3591
1463	3592
1463	3593
1464	3594
1464	3595
1464	3596
1464	3597
1465	3598
1465	3599
1465	3600
1465	3601
1466	3602
1466	3603
1467	3604
1467	3605
1468	3606
1468	3607
1469	3608
1470	3609
1470	3610
1471	3611
1471	3612
1471	3613
1472	3614
1473	3615
1473	3616
1473	3617
1474	3618
1474	3619
1474	3620
1475	3621
1475	3622
1475	3623
1476	3624
1476	3625
1476	3626
1476	3627
1477	3628
1477	3629
1477	3630
1478	3631
1478	3632
1479	3633
1479	3634
1479	3635
1479	3636
1480	3637
1480	3638
1481	3639
1482	3640
1483	3641
1484	3642
1485	3643
1485	3644
1485	3645
1485	3646
1486	3647
1487	3648
1487	3649
1488	3650
1488	3651
1488	3652
1488	3653
1489	3654
1489	3655
1489	3656
1490	3657
1490	3658
1490	3659
1490	3660
1491	3661
1492	3662
1492	3663
1492	3664
1493	3665
1493	3666
1493	3667
1494	3668
1494	3669
1494	3670
1494	3671
1495	3672
1495	3673
1495	3674
1495	3675
1496	3676
1496	3677
1497	3678
1498	3679
1498	3680
1498	3681
1499	3682
1499	3683
1499	3684
1499	3685
1500	3686
1500	3687
1500	3688
1500	3689
1501	3690
1502	3691
1503	3692
1504	3693
1504	3694
1505	3695
1505	3696
1505	3697
1506	3698
1506	3699
1507	3700
1507	3701
1507	3702
1508	3703
1509	3704
1510	3705
1510	3706
1510	3707
1510	3708
1511	3709
1512	3710
1512	3711
1512	3712
1512	3713
1513	3714
1514	3715
1515	3716
1515	3717
1515	3718
1516	3719
1517	3720
1517	3721
1517	3722
1517	3723
1518	3724
1519	3725
1520	3726
1520	3727
1521	3728
1521	3729
1521	3730
1522	3731
1522	3732
1522	3733
1523	3734
1523	3735
1524	3736
1524	3737
1524	3738
1525	3739
1525	3740
1526	3741
1526	3742
1526	3743
1526	3744
1527	3745
1527	3746
1527	3747
1528	3748
1528	3749
1529	3750
1529	3751
1530	3752
1530	3753
1530	3754
1530	3755
1531	3756
1532	3757
1533	3758
1533	3759
1533	3760
1534	3761
1534	3762
1534	3763
1535	3764
1535	3765
1535	3766
1535	3767
1536	3768
1536	3769
1536	3770
1537	3771
1537	3772
1538	3773
1538	3774
1538	3775
1539	3776
1539	3777
1539	3778
1539	3779
1540	3780
1540	3781
1541	3782
1541	3783
1542	3784
1542	3785
1542	3786
1542	3787
1543	3788
1543	3789
1543	3790
1544	3791
1545	3792
1545	3793
1546	3794
1546	3795
1546	3796
1546	3797
1547	3798
1548	3799
1548	3800
1549	3801
1549	3802
1550	3803
1551	3804
1552	3805
1552	3806
1552	3807
1552	3808
1553	3809
1553	3810
1554	3811
1554	3812
1554	3813
1555	3814
1556	3815
1556	3816
1556	3817
1556	3818
1557	3819
1557	3820
1557	3821
1557	3822
1558	3823
1558	3824
1559	3825
1559	3826
1559	3827
1560	3828
1561	3829
1561	3830
1561	3831
1561	3832
1562	3833
1562	3834
1562	3835
1563	3836
1564	3837
1564	3838
1564	3839
1565	3840
1565	3841
1566	3842
1566	3843
1567	3844
1567	3845
1568	3846
1569	3847
1569	3848
1569	3849
1570	3850
1570	3851
1570	3852
1570	3853
1571	3854
1571	3855
1572	3856
1573	3857
1573	3858
1573	3859
1574	3860
1574	3861
1575	3862
1575	3863
1575	3864
1575	3865
1576	3866
1576	3867
1576	3868
1576	3869
1577	3870
1577	3871
1578	3872
1578	3873
1579	3874
1580	3875
1581	3876
1582	3877
1582	3878
1582	3879
1582	3880
1583	3881
1583	3882
1583	3883
1583	3884
1584	3885
1584	3886
1584	3887
1585	3888
1585	3889
1585	3890
1586	3891
1586	3892
1586	3893
1586	3894
1587	3895
1587	3896
1587	3897
1587	3898
1588	3899
1588	3900
1588	3901
1589	3902
1590	3903
1590	3904
1591	3905
1591	3906
1592	3907
1592	3908
1593	3909
1593	3910
1594	3911
1594	3912
1595	3913
1595	3914
1595	3915
1596	3916
1596	3917
1596	3918
1597	3919
1597	3920
1597	3921
1598	3922
1599	3923
1599	3924
1599	3925
1599	3926
1600	3927
1600	3928
1600	3929
1600	3930
1601	3931
1601	3932
1602	3933
1602	3934
1602	3935
1603	3936
1603	3937
1603	3938
1603	3939
1604	3940
1604	3941
1605	3942
1605	3943
1605	3944
1606	3945
1606	3946
1607	3947
1607	3948
1608	3949
1608	3950
1609	3951
1609	3952
1609	3953
1610	3954
1610	3955
1610	3956
1611	3957
1611	3958
1611	3959
1611	3960
1612	3961
1613	3962
1614	3963
1614	3964
1614	3965
1614	3966
1615	3967
1615	3968
1615	3969
1616	3970
1616	3971
1616	3972
1617	3973
1617	3974
1617	3975
1618	3976
1618	3977
1619	3978
1619	3979
1619	3980
1619	3981
1620	3982
1620	3983
1620	3984
1620	3985
1621	3986
1621	3987
1622	3988
1622	3989
1622	3990
1622	3991
1623	3992
1623	3993
1624	3994
1624	3995
1624	3996
1625	3997
1625	3998
1625	3999
1625	4000
1626	4001
1626	4002
1626	4003
1626	4004
1627	4005
1628	4006
1628	4007
1628	4008
1629	4009
1630	4010
1630	4011
1630	4012
1630	4013
1631	4014
1631	4015
1632	4016
1632	4017
1632	4018
1633	4019
1633	4020
1633	4021
1634	4022
1634	4023
1634	4024
1635	4025
1635	4026
1635	4027
1635	4028
1636	4029
1637	4030
1637	4031
1637	4032
1638	4033
1639	4034
1639	4035
1640	4036
1640	4037
1641	4038
1642	4039
1642	4040
1642	4041
1642	4042
1643	4043
1643	4044
1644	4045
1644	4046
1644	4047
1644	4048
1645	4049
1645	4050
1645	4051
1646	4052
1646	4053
1646	4054
1646	4055
1647	4056
1647	4057
1648	4058
1648	4059
1648	4060
1649	4061
1650	4062
1650	4063
1651	4064
1652	4065
1652	4066
1653	4067
1653	4068
1654	4069
1654	4070
1654	4071
1654	4072
1655	4073
1655	4074
1655	4075
1655	4076
1656	4077
1657	4078
1657	4079
1657	4080
1658	4081
1658	4082
1658	4083
1658	4084
1659	4085
1660	4086
1660	4087
1660	4088
1661	4089
1661	4090
1661	4091
1661	4092
1662	4093
1662	4094
1662	4095
1663	4096
1663	4097
1663	4098
1664	4099
1664	4100
1665	4101
1665	4102
1665	4103
1666	4104
1666	4105
1666	4106
1666	4107
1667	4108
1667	4109
1667	4110
1667	4111
1668	4112
1669	4113
1669	4114
1670	4115
1671	4116
1671	4117
1671	4118
1671	4119
1672	4120
1673	4121
1673	4122
1673	4123
1674	4124
1674	4125
1674	4126
1675	4127
1675	4128
1675	4129
1676	4130
1676	4131
1677	4132
1677	4133
1678	4134
1678	4135
1678	4136
1678	4137
1679	4138
1679	4139
1679	4140
1679	4141
1680	4142
1680	4143
1680	4144
1680	4145
1681	4146
1682	4147
1682	4148
1683	4149
1683	4150
1684	4151
1684	4152
1685	4153
1685	4154
1686	4155
1686	4156
1686	4157
1687	4158
1687	4159
1687	4160
1688	4161
1688	4162
1689	4163
1689	4164
1690	4165
1690	4166
1690	4167
1690	4168
1691	4169
1691	4170
1691	4171
1691	4172
1692	4173
1692	4174
1692	4175
1693	4176
1693	4177
1693	4178
1693	4179
1694	4180
1694	4181
1695	4182
1696	4183
1696	4184
1697	4185
1697	4186
1698	4187
1699	4188
1700	4189
1700	4190
1701	4191
1701	4192
1701	4193
1701	4194
1702	4195
1702	4196
1702	4197
1703	4198
1703	4199
1703	4200
1703	4201
1704	4202
1704	4203
1705	4204
1706	4205
1707	4206
1707	4207
1708	4208
1709	4209
1709	4210
1710	4211
1710	4212
1710	4213
1710	4214
1711	4215
1711	4216
1711	4217
1712	4218
1712	4219
1713	4220
1713	4221
1713	4222
1714	4223
1714	4224
1714	4225
1715	4226
1716	4227
1716	4228
1716	4229
1717	4230
1717	4231
1717	4232
1717	4233
1718	4234
1718	4235
1718	4236
1719	4237
1720	4238
1720	4239
1721	4240
1722	4241
1722	4242
1722	4243
1723	4244
1723	4245
1724	4246
1725	4247
1725	4248
1726	4249
1727	4250
1727	4251
1728	4252
1728	4253
1728	4254
1729	4255
1729	4256
1730	4257
1730	4258
1730	4259
1730	4260
1731	4261
1731	4262
1731	4263
1732	4264
1733	4265
1734	4266
1734	4267
1734	4268
1735	4269
1736	4270
1736	4271
1737	4272
1737	4273
1737	4274
1738	4275
1738	4276
1738	4277
1739	4278
1739	4279
1739	4280
1739	4281
1740	4282
1740	4283
1741	4284
1741	4285
1741	4286
1742	4287
1742	4288
1742	4289
1742	4290
1743	4291
1744	4292
1744	4293
1744	4294
1745	4295
1745	4296
1745	4297
1745	4298
1746	4299
1746	4300
1747	4301
1747	4302
1747	4303
1747	4304
1748	4305
1748	4306
1749	4307
1749	4308
1749	4309
1750	4310
1751	4311
1751	4312
1751	4313
1751	4314
1752	4315
1752	4316
1752	4317
1752	4318
1753	4319
1753	4320
1753	4321
1753	4322
1754	4323
1755	4324
1755	4325
1755	4326
1756	4327
1756	4328
1756	4329
1756	4330
1757	4331
1758	4332
1758	4333
1758	4334
1758	4335
1759	4336
1759	4337
1759	4338
1760	4339
1760	4340
1760	4341
1760	4342
1761	4343
1762	4344
1762	4345
1762	4346
1762	4347
1763	4348
1764	4349
1764	4350
1765	4351
1765	4352
1766	4353
1766	4354
1767	4355
1767	4356
1767	4357
1767	4358
1768	4359
1769	4360
1769	4361
1770	4362
1770	4363
1770	4364
1771	4365
1772	4366
1772	4367
1772	4368
1773	4369
1773	4370
1774	4371
1775	4372
1775	4373
1775	4374
1776	4375
1776	4376
1777	4377
1777	4378
1777	4379
1778	4380
1779	4381
1779	4382
1779	4383
1779	4384
1780	4385
1780	4386
1781	4387
1781	4388
1781	4389
1781	4390
1782	4391
1782	4392
1783	4393
1783	4394
1784	4395
1785	4396
1785	4397
1785	4398
1785	4399
1786	4400
1786	4401
1787	4402
1787	4403
1788	4404
1788	4405
1789	4406
1789	4407
1790	4408
1790	4409
1790	4410
1791	4411
1791	4412
1791	4413
1791	4414
1792	4415
1792	4416
1793	4417
1793	4418
1794	4419
1795	4420
1796	4421
1796	4422
1796	4423
1796	4424
1797	4425
1797	4426
1798	4427
1798	4428
1799	4429
1800	4430
1800	4431
1801	4432
1802	4433
1802	4434
1802	4435
1803	4436
1804	4437
1804	4438
1804	4439
1804	4440
1805	4441
1805	4442
1806	4443
1807	4444
1808	4445
1809	4446
1809	4447
1809	4448
1809	4449
1810	4450
1810	4451
1811	4452
1812	4453
1812	4454
1812	4455
1812	4456
1813	4457
1814	4458
1814	4459
1814	4460
1814	4461
1815	4462
1816	4463
1817	4464
1817	4465
1817	4466
1817	4467
1818	4468
1818	4469
1819	4470
1819	4471
1819	4472
1819	4473
1820	4474
1820	4475
1820	4476
1820	4477
1821	4478
1821	4479
1821	4480
1821	4481
1822	4482
1822	4483
1823	4484
1824	4485
1824	4486
1824	4487
1824	4488
1825	4489
1825	4490
1826	4491
1826	4492
1826	4493
1827	4494
1828	4495
1828	4496
1828	4497
1828	4498
1829	4499
1830	4500
1831	4501
1831	4502
1831	4503
1831	4504
1832	4505
1832	4506
1833	4507
1833	4508
1833	4509
1833	4510
1834	4511
1835	4512
1835	4513
1835	4514
1835	4515
1836	4516
1837	4517
1837	4518
1837	4519
1838	4520
1839	4521
1839	4522
1840	4523
1841	4524
1841	4525
1841	4526
1841	4527
1842	4528
1842	4529
1842	4530
1843	4531
1843	4532
1844	4533
1844	4534
1844	4535
1845	4536
1846	4537
1847	4538
1847	4539
1848	4540
1848	4541
1848	4542
1849	4543
1850	4544
1851	4545
1852	4546
1853	4547
1853	4548
1853	4549
1854	4550
1854	4551
1855	4552
1856	4553
1856	4554
1856	4555
1857	4556
1857	4557
1857	4558
1858	4559
1858	4560
1859	4561
1859	4562
1860	4563
1861	4564
1861	4565
1861	4566
1861	4567
1862	4568
1863	4569
1864	4570
1864	4571
1864	4572
1864	4573
1865	4574
1865	4575
1865	4576
1865	4577
1866	4578
1866	4579
1866	4580
1867	4581
1867	4582
1868	4583
1869	4584
1869	4585
1870	4586
1871	4587
1871	4588
1871	4589
1871	4590
1872	4591
1873	4592
1873	4593
1874	4594
1874	4595
1875	4596
1876	4597
1877	4598
1877	4599
1877	4600
1877	4601
1878	4602
1878	4603
1878	4604
1879	4605
1879	4606
1879	4607
1879	4608
1880	4609
1880	4610
1880	4611
1881	4612
1881	4613
1882	4614
1882	4615
1882	4616
1883	4617
1884	4618
1885	4619
1885	4620
1885	4621
1886	4622
1887	4623
1887	4624
1888	4625
1888	4626
1888	4627
1889	4628
1889	4629
1889	4630
1890	4631
1890	4632
1890	4633
1891	4634
1891	4635
1891	4636
1891	4637
1892	4638
1892	4639
1892	4640
1892	4641
1893	4642
1893	4643
1894	4644
1894	4645
1894	4646
1894	4647
1895	4648
1895	4649
1895	4650
1895	4651
1896	4652
1897	4653
1897	4654
1897	4655
1897	4656
1898	4657
1898	4658
1898	4659
1898	4660
1899	4661
1899	4662
1900	4663
1900	4664
1900	4665
1900	4666
1901	4667
1901	4668
1902	4669
1902	4670
1903	4671
1904	4672
1904	4673
1905	4674
1905	4675
1906	4676
1906	4677
1907	4678
1907	4679
1907	4680
1907	4681
1908	4682
1908	4683
1908	4684
1909	4685
1909	4686
1910	4687
1910	4688
1910	4689
1910	4690
1911	4691
1912	4692
1912	4693
1912	4694
1913	4695
1913	4696
1913	4697
1914	4698
1915	4699
1915	4700
1915	4701
1915	4702
1916	4703
1916	4704
1917	4705
1918	4706
1919	4707
1919	4708
1920	4709
1920	4710
1920	4711
1921	4712
1921	4713
1922	4714
1922	4715
1922	4716
1922	4717
1923	4718
1923	4719
1923	4720
1924	4721
1924	4722
1924	4723
1924	4724
1925	4725
1925	4726
1925	4727
1926	4728
1927	4729
1927	4730
1927	4731
1927	4732
1928	4733
1929	4734
1929	4735
1929	4736
1929	4737
1930	4738
1930	4739
1930	4740
1931	4741
1932	4742
1932	4743
1932	4744
1933	4745
1933	4746
1933	4747
1933	4748
1934	4749
1934	4750
1935	4751
1935	4752
1936	4753
1936	4754
1936	4755
1937	4756
1937	4757
1937	4758
1937	4759
1938	4760
1938	4761
1939	4762
1939	4763
1939	4764
1939	4765
1940	4766
1940	4767
1940	4768
1941	4769
1941	4770
1941	4771
1941	4772
1942	4773
1942	4774
1942	4775
1943	4776
1943	4777
1943	4778
1944	4779
1944	4780
1944	4781
1944	4782
1945	4783
1945	4784
1945	4785
1945	4786
1946	4787
1947	4788
1947	4789
1948	4790
1949	4791
1949	4792
1949	4793
1949	4794
1950	4795
1950	4796
1950	4797
1950	4798
1951	4799
1951	4800
1952	4801
1952	4802
1952	4803
1953	4804
1953	4805
1953	4806
1954	4807
1954	4808
1955	4809
1955	4810
1956	4811
1956	4812
1957	4813
1957	4814
1957	4815
1957	4816
1958	4817
1958	4818
1958	4819
1958	4820
1959	4821
1959	4822
1960	4823
1960	4824
1960	4825
1961	4826
1961	4827
1961	4828
1961	4829
1962	4830
1962	4831
1963	4832
1963	4833
1963	4834
1964	4835
1964	4836
1965	4837
1965	4838
1966	4839
1966	4840
1966	4841
1967	4842
1967	4843
1967	4844
1968	4845
1969	4846
1970	4847
1970	4848
1970	4849
1970	4850
1971	4851
1972	4852
1973	4853
1973	4854
1974	4855
1974	4856
1974	4857
1974	4858
1975	4859
1975	4860
1975	4861
1976	4862
1977	4863
1977	4864
1978	4865
1978	4866
1978	4867
1978	4868
1979	4869
1979	4870
1980	4871
1981	4872
1981	4873
1981	4874
1981	4875
1982	4876
1982	4877
1982	4878
1982	4879
1983	4880
1983	4881
1984	4882
1984	4883
1984	4884
1984	4885
1985	4886
1985	4887
1986	4888
1986	4889
1987	4890
1987	4891
1988	4892
1988	4893
1989	4894
1989	4895
1989	4896
1990	4897
1990	4898
1990	4899
1990	4900
1991	4901
1991	4902
1992	4903
1992	4904
1992	4905
1993	4906
1994	4907
1994	4908
1994	4909
1994	4910
1995	4911
1995	4912
1995	4913
1995	4914
1996	4915
1996	4916
1996	4917
1996	4918
1997	4919
1997	4920
1998	4921
1998	4922
1998	4923
1999	4924
1999	4925
1999	4926
1999	4927
2000	4928
2000	4929
2000	4930
2001	4931
2002	4932
2002	4933
2002	4934
2003	4935
2003	4936
2003	4937
2004	4938
2004	4939
2004	4940
2004	4941
2005	4942
2005	4943
2006	4944
2006	4945
2006	4946
2007	4947
2008	4948
2008	4949
2008	4950
2009	4951
2009	4952
2009	4953
2009	4954
2010	4955
2010	4956
2010	4957
2011	4958
2012	4959
2012	4960
2012	4961
2012	4962
2013	4963
2013	4964
2014	4965
2014	4966
2014	4967
2015	4968
2016	4969
2016	4970
2017	4971
2017	4972
2017	4973
2018	4974
2018	4975
2019	4976
2019	4977
2019	4978
2019	4979
2020	4980
2020	4981
2020	4982
2021	4983
2021	4984
2021	4985
2022	4986
2022	4987
2022	4988
2023	4989
2023	4990
2023	4991
2023	4992
2024	4993
2024	4994
2025	4995
2025	4996
2026	4997
2027	4998
2027	4999
2027	5000
2028	5001
2028	5002
2029	5003
2029	5004
2029	5005
2030	5006
2030	5007
2030	5008
2030	5009
2031	5010
2031	5011
2031	5012
2031	5013
2032	5014
2032	5015
2033	5016
2033	5017
2034	5018
2034	5019
2034	5020
2035	5021
2036	5022
2037	5023
2037	5024
2038	5025
2038	5026
2038	5027
2039	5028
2040	5029
2041	5030
2041	5031
2042	5032
2042	5033
2042	5034
2042	5035
2043	5036
2043	5037
2043	5038
2044	5039
2044	5040
2045	5041
2046	5042
2046	5043
2046	5044
2047	5045
2048	5046
2048	5047
2048	5048
2048	5049
2049	5050
2049	5051
2049	5052
2050	5053
2050	5054
2050	5055
2050	5056
2051	5057
2051	5058
2052	5059
2053	5060
2054	5061
2054	5062
2054	5063
2054	5064
2055	5065
2055	5066
2055	5067
2055	5068
2056	5069
2056	5070
2056	5071
2056	5072
2057	5073
2057	5074
2057	5075
2057	5076
2058	5077
2059	5078
2059	5079
2060	5080
2060	5081
2060	5082
2061	5083
2061	5084
2062	5085
2063	5086
2063	5087
2063	5088
2063	5089
2064	5090
2064	5091
2065	5092
2065	5093
2066	5094
2066	5095
2066	5096
2066	5097
2067	5098
2068	5099
2068	5100
2068	5101
2068	5102
2069	5103
2070	5104
2070	5105
2071	5106
2071	5107
2072	5108
2073	5109
2074	5110
2075	5111
2075	5112
2075	5113
2075	5114
2076	5115
2076	5116
2076	5117
2076	5118
2077	5119
2078	5120
2078	5121
2078	5122
2079	5123
2079	5124
2079	5125
2079	5126
2080	5127
2080	5128
2080	5129
2081	5130
2082	5131
2082	5132
2083	5133
2083	5134
2083	5135
2083	5136
2084	5137
2084	5138
2085	5139
2085	5140
2085	5141
2086	5142
2086	5143
2086	5144
2087	5145
2088	5146
2088	5147
2088	5148
2088	5149
2089	5150
2089	5151
2090	5152
2090	5153
2090	5154
2090	5155
2091	5156
2091	5157
2091	5158
2092	5159
2092	5160
2092	5161
2092	5162
2093	5163
2093	5164
2094	5165
2094	5166
2095	5167
2095	5168
2095	5169
2095	5170
2096	5171
2096	5172
2097	5173
2097	5174
2097	5175
2097	5176
2098	5177
2098	5178
2099	5179
2100	5180
2100	5181
2100	5182
2100	5183
2101	5184
2101	5185
2101	5186
2101	5187
2102	5188
2102	5189
2102	5190
2102	5191
2103	5192
2104	5193
2104	5194
2104	5195
2105	5196
2105	5197
2105	5198
2105	5199
2106	5200
2106	5201
2106	5202
2106	5203
2107	5204
2107	5205
2107	5206
2107	5207
2108	5208
2108	5209
2109	5210
2109	5211
2110	5212
2110	5213
2110	5214
2111	5215
2111	5216
2111	5217
2112	5218
2112	5219
2112	5220
2113	5221
2114	5222
2114	5223
2115	5224
2115	5225
2115	5226
2115	5227
2116	5228
2116	5229
2116	5230
2117	5231
2117	5232
2117	5233
2117	5234
2118	5235
2118	5236
2118	5237
2118	5238
2119	5239
2119	5240
2119	5241
2119	5242
2120	5243
2120	5244
2120	5245
2121	5246
2121	5247
2121	5248
2121	5249
2122	5250
2122	5251
2123	5252
2123	5253
2123	5254
2124	5255
2124	5256
2124	5257
2124	5258
2125	5259
2125	5260
2125	5261
2126	5262
2126	5263
2127	5264
2127	5265
2127	5266
2127	5267
2128	5268
2128	5269
2128	5270
2129	5271
2129	5272
2129	5273
2129	5274
2130	5275
2130	5276
2131	5277
2131	5278
2132	5279
2133	5280
2134	5281
2134	5282
2134	5283
2135	5284
2135	5285
2135	5286
2136	5287
2136	5288
2136	5289
2136	5290
2137	5291
2137	5292
2137	5293
2138	5294
2138	5295
2138	5296
2139	5297
2139	5298
2140	5299
2140	5300
2140	5301
2141	5302
2142	5303
2142	5304
2143	5305
2143	5306
2144	5307
2144	5308
2144	5309
2145	5310
2145	5311
2145	5312
2145	5313
2146	5314
2146	5315
2146	5316
2147	5317
2147	5318
2147	5319
2147	5320
2148	5321
2148	5322
2148	5323
2149	5324
2150	5325
2150	5326
2150	5327
2151	5328
2152	5329
2152	5330
2152	5331
2152	5332
2153	5333
2153	5334
2154	5335
2154	5336
2154	5337
2154	5338
2155	5339
2155	5340
2156	5341
2156	5342
2156	5343
2156	5344
2157	5345
2157	5346
2158	5347
2158	5348
2158	5349
2159	5350
2159	5351
2159	5352
2159	5353
2160	5354
2160	5355
2160	5356
2160	5357
2161	5358
2161	5359
2161	5360
2162	5361
2162	5362
2163	5363
2163	5364
2163	5365
2163	5366
2164	5367
2164	5368
2164	5369
2164	5370
2165	5371
2165	5372
2165	5373
2166	5374
2166	5375
2166	5376
2166	5377
2167	5378
2168	5379
2168	5380
2168	5381
2168	5382
2169	5383
2169	5384
2169	5385
2170	5386
2171	5387
2171	5388
2171	5389
2172	5390
2172	5391
2172	5392
2172	5393
2173	5394
2174	5395
2174	5396
2175	5397
2175	5398
2175	5399
2175	5400
2176	5401
2176	5402
2176	5403
2177	5404
2177	5405
2177	5406
2177	5407
2178	5408
2178	5409
2178	5410
2178	5411
2179	5412
2180	5413
2180	5414
2180	5415
2180	5416
2181	5417
2181	5418
2181	5419
2181	5420
2182	5421
2183	5422
2183	5423
2183	5424
2183	5425
2184	5426
2184	5427
2184	5428
2184	5429
2185	5430
2186	5431
2186	5432
2186	5433
2186	5434
2187	5435
2187	5436
2187	5437
2188	5438
2188	5439
2188	5440
2188	5441
2189	5442
2190	5443
2190	5444
2190	5445
2190	5446
2191	5447
2191	5448
2191	5449
2191	5450
2192	5451
2192	5452
2193	5453
2193	5454
2193	5455
2193	5456
2194	5457
2194	5458
2194	5459
2195	5460
2195	5461
2196	5462
2197	5463
2197	5464
2197	5465
2198	5466
2198	5467
2198	5468
2199	5469
2199	5470
2200	5471
2200	5472
2201	5473
2201	5474
2202	5475
2202	5476
2203	5477
2203	5478
2203	5479
2204	5480
2204	5481
2204	5482
2204	5483
2205	5484
2205	5485
2205	5486
2206	5487
2206	5488
2207	5489
2207	5490
2207	5491
2208	5492
2208	5493
2208	5494
2208	5495
2209	5496
2209	5497
2209	5498
2209	5499
2210	5500
2210	5501
2210	5502
2211	5503
2211	5504
2211	5505
2212	5506
2212	5507
2213	5508
2213	5509
2213	5510
2214	5511
2214	5512
2214	5513
2214	5514
2215	5515
2216	5516
2216	5517
2216	5518
2217	5519
2217	5520
2217	5521
2217	5522
2218	5523
2218	5524
2218	5525
2219	5526
2219	5527
2219	5528
2219	5529
2220	5530
2220	5531
2220	5532
2221	5533
2221	5534
2221	5535
2222	5536
2223	5537
2223	5538
2223	5539
2224	5540
2224	5541
2224	5542
2224	5543
2225	5544
2225	5545
2225	5546
2225	5547
2226	5548
2227	5549
2227	5550
2228	5551
2228	5552
2228	5553
2229	5554
2229	5555
2229	5556
2230	5557
2230	5558
2230	5559
2230	5560
2231	5561
2232	5562
2232	5563
2232	5564
2233	5565
2233	5566
2233	5567
2234	5568
2234	5569
2235	5570
2235	5571
2236	5572
2236	5573
2236	5574
2236	5575
2237	5576
2237	5577
2238	5578
2238	5579
2239	5580
2240	5581
2240	5582
2241	5583
2242	5584
2242	5585
2242	5586
2243	5587
2243	5588
2244	5589
2244	5590
2245	5591
2245	5592
2246	5593
2247	5594
2247	5595
2247	5596
2248	5597
2248	5598
2248	5599
2248	5600
2249	5601
2249	5602
2249	5603
2250	5604
2250	5605
2251	5606
2251	5607
2251	5608
2252	5609
2252	5610
2253	5611
2254	5612
2254	5613
2254	5614
2255	5615
2255	5616
2256	5617
2256	5618
2256	5619
2257	5620
2258	5621
2259	5622
2259	5623
2260	5624
2260	5625
2260	5626
2261	5627
2261	5628
2262	5629
2262	5630
2262	5631
2262	5632
2263	5633
2264	5634
2264	5635
2265	5636
2265	5637
2265	5638
2266	5639
2266	5640
2266	5641
2266	5642
2267	5643
2267	5644
2267	5645
2267	5646
2268	5647
2268	5648
2268	5649
2268	5650
2269	5651
2269	5652
2270	5653
2270	5654
2270	5655
2271	5656
2271	5657
2271	5658
2272	5659
2272	5660
2272	5661
2272	5662
2273	5663
2274	5664
2274	5665
2274	5666
2274	5667
2275	5668
2275	5669
2276	5670
2276	5671
2276	5672
2276	5673
2277	5674
2277	5675
2277	5676
2278	5677
2279	5678
2279	5679
2279	5680
2279	5681
2280	5682
2280	5683
2280	5684
2281	5685
2281	5686
2281	5687
2282	5688
2282	5689
2282	5690
2283	5691
2284	5692
2284	5693
2284	5694
2284	5695
2285	5696
2286	5697
2286	5698
2286	5699
2286	5700
2287	5701
2288	5702
2288	5703
2289	5704
2290	5705
2291	5706
2291	5707
2291	5708
2292	5709
2293	5710
2293	5711
2293	5712
2293	5713
2294	5714
2295	5715
2295	5716
2295	5717
2296	5718
2296	5719
2296	5720
2296	5721
2297	5722
2297	5723
2297	5724
2297	5725
2298	5726
2298	5727
2299	5728
2299	5729
2299	5730
2299	5731
2300	5732
2300	5733
2300	5734
2301	5735
2301	5736
2301	5737
2302	5738
2302	5739
2302	5740
2303	5741
2304	5742
2304	5743
2304	5744
2305	5745
2305	5746
2305	5747
2306	5748
2306	5749
2307	5750
2307	5751
2308	5752
2308	5753
2308	5754
2309	5755
2310	5756
2310	5757
2311	5758
2311	5759
2312	5760
2313	5761
2313	5762
2313	5763
2314	5764
2314	5765
2314	5766
2314	5767
2315	5768
2315	5769
2316	5770
2316	5771
2317	5772
2317	5773
2318	5774
2319	5775
2319	5776
2319	5777
2319	5778
2320	5779
2320	5780
2321	5781
2321	5782
2321	5783
2321	5784
2322	5785
2322	5786
2322	5787
2323	5788
2324	5789
2324	5790
2324	5791
2324	5792
2325	5793
2325	5794
2326	5795
2327	5796
2327	5797
2327	5798
2328	5799
2329	5800
2330	5801
2330	5802
2330	5803
2330	5804
2331	5805
2331	5806
2331	5807
2331	5808
2332	5809
2333	5810
2333	5811
2334	5812
2334	5813
2334	5814
2335	5815
2335	5816
2335	5817
2336	5818
2336	5819
2337	5820
2337	5821
2337	5822
2337	5823
2338	5824
2339	5825
2339	5826
2339	5827
2339	5828
2340	5829
2340	5830
2340	5831
2340	5832
2341	5833
2342	5834
2342	5835
2343	5836
2343	5837
2344	5838
2344	5839
2345	5840
2345	5841
2345	5842
2346	5843
2346	5844
2346	5845
2347	5846
2347	5847
2348	5848
2348	5849
2348	5850
2349	5851
2349	5852
2349	5853
2349	5854
2350	5855
2350	5856
2351	5857
2351	5858
2351	5859
2352	5860
2352	5861
2352	5862
2353	5863
2353	5864
2353	5865
2353	5866
2354	5867
2354	5868
2355	5869
2355	5870
2355	5871
2355	5872
2356	5873
2356	5874
2356	5875
2356	5876
2357	5877
2357	5878
2357	5879
2358	5880
2358	5881
2359	5882
2360	5883
2360	5884
2360	5885
2360	5886
2361	5887
2361	5888
2361	5889
2362	5890
2362	5891
2362	5892
2362	5893
2363	5894
2363	5895
2364	5896
2364	5897
2364	5898
2364	5899
2365	5900
2365	5901
2366	5902
2366	5903
2366	5904
2367	5905
2367	5906
2367	5907
2367	5908
2368	5909
2368	5910
2369	5911
2369	5912
2370	5913
2371	5914
2371	5915
2372	5916
2372	5917
2373	5918
2373	5919
2373	5920
2373	5921
2374	5922
2374	5923
2374	5924
2375	5925
2375	5926
2375	5927
2376	5928
2376	5929
2377	5930
2377	5931
2377	5932
2377	5933
2378	5934
2378	5935
2379	5936
2379	5937
2379	5938
2379	5939
2380	5940
2380	5941
2380	5942
2380	5943
2381	5944
2381	5945
2381	5946
2381	5947
2382	5948
2382	5949
2382	5950
2382	5951
2383	5952
2384	5953
2384	5954
2384	5955
2384	5956
2385	5957
2385	5958
2385	5959
2386	5960
2387	5961
2387	5962
2387	5963
2388	5964
2388	5965
2389	5966
2389	5967
2389	5968
2390	5969
2390	5970
2391	5971
2392	5972
2393	5973
2393	5974
2393	5975
2393	5976
2394	5977
2394	5978
2394	5979
2395	5980
2395	5981
2395	5982
2396	5983
2397	5984
2397	5985
2397	5986
2398	5987
2398	5988
2398	5989
2398	5990
2399	5991
2399	5992
2400	5993
2400	5994
2400	5995
2401	5996
2401	5997
2401	5998
2401	5999
2402	6000
2402	6001
2403	6002
2404	6003
2404	6004
2405	6005
2405	6006
2405	6007
2406	6008
2406	6009
2406	6010
2407	6011
2407	6012
2407	6013
2408	6014
2408	6015
2408	6016
2409	6017
2410	6018
2410	6019
2410	6020
2410	6021
2411	6022
2411	6023
2412	6024
2412	6025
2412	6026
2412	6027
2413	6028
2414	6029
2415	6030
2415	6031
2415	6032
2416	6033
2416	6034
2417	6035
2417	6036
2417	6037
2417	6038
2418	6039
2418	6040
2419	6041
2419	6042
2419	6043
2420	6044
2420	6045
2421	6046
2421	6047
2421	6048
2422	6049
2422	6050
2422	6051
2422	6052
2423	6053
2423	6054
2424	6055
2425	6056
2425	6057
2426	6058
2427	6059
2427	6060
2428	6061
2428	6062
2429	6063
2429	6064
2430	6065
2430	6066
2430	6067
2430	6068
2431	6069
2431	6070
2431	6071
2432	6072
2432	6073
2432	6074
2432	6075
2433	6076
2433	6077
2433	6078
2434	6079
2435	6080
2435	6081
2435	6082
2435	6083
2436	6084
2436	6085
2436	6086
2437	6087
2437	6088
2438	6089
2439	6090
2439	6091
2439	6092
2439	6093
2440	6094
2440	6095
2440	6096
2440	6097
2441	6098
2441	6099
2442	6100
2442	6101
2442	6102
2442	6103
2443	6104
2443	6105
2444	6106
2444	6107
2444	6108
2444	6109
2445	6110
2445	6111
2445	6112
2446	6113
2446	6114
2447	6115
2448	6116
2448	6117
2448	6118
2448	6119
2449	6120
2449	6121
2449	6122
2449	6123
2450	6124
2450	6125
2450	6126
2450	6127
2451	6128
2451	6129
2451	6130
2451	6131
2452	6132
2452	6133
2452	6134
2453	6135
2453	6136
2454	6137
2454	6138
2454	6139
2455	6140
2455	6141
2456	6142
2456	6143
2456	6144
2456	6145
2457	6146
2458	6147
2458	6148
2459	6149
2460	6150
2460	6151
2460	6152
2461	6153
2461	6154
2462	6155
2463	6156
2463	6157
2463	6158
2463	6159
2464	6160
2465	6161
2466	6162
2466	6163
2466	6164
2466	6165
2467	6166
2468	6167
2468	6168
2469	6169
2469	6170
2469	6171
2470	6172
2470	6173
2470	6174
2470	6175
2471	6176
2471	6177
2471	6178
2472	6179
2472	6180
2472	6181
2473	6182
2473	6183
2473	6184
2473	6185
2474	6186
2474	6187
2474	6188
2474	6189
2475	6190
2476	6191
2476	6192
2476	6193
2476	6194
2477	6195
2477	6196
2477	6197
2478	6198
2478	6199
2478	6200
2478	6201
2479	6202
2479	6203
2479	6204
2480	6205
2480	6206
2480	6207
2481	6208
2481	6209
2482	6210
2482	6211
2482	6212
2483	6213
2483	6214
2484	6215
2484	6216
2485	6217
2485	6218
2485	6219
2485	6220
2486	6221
2487	6222
2487	6223
2487	6224
2488	6225
2489	6226
2489	6227
2489	6228
2489	6229
2490	6230
2490	6231
2490	6232
2491	6233
2491	6234
2492	6235
2492	6236
2492	6237
2492	6238
2493	6239
2493	6240
2493	6241
2494	6242
2495	6243
2496	6244
2496	6245
2496	6246
2497	6247
2498	6248
2498	6249
2498	6250
2498	6251
2499	6252
2499	6253
2500	6254
2500	6255
2500	6256
2501	6257
2501	6258
2501	6259
2501	6260
2502	6261
2502	6262
2503	6263
2503	6264
2503	6265
2503	6266
2504	6267
2504	6268
2504	6269
2504	6270
2505	6271
2505	6272
2506	6273
2506	6274
2506	6275
2507	6276
2507	6277
2507	6278
2508	6279
2508	6280
2508	6281
2509	6282
2509	6283
2509	6284
2509	6285
2510	6286
2510	6287
2511	6288
2512	6289
2512	6290
2512	6291
2513	6292
2513	6293
2514	6294
2514	6295
2514	6296
2515	6297
2516	6298
2516	6299
2517	6300
2518	6301
2519	6302
2519	6303
2520	6304
2521	6305
2521	6306
2521	6307
2522	6308
2522	6309
2523	6310
2523	6311
2523	6312
2524	6313
2524	6314
2524	6315
2524	6316
2525	6317
2525	6318
2526	6319
2526	6320
2527	6321
2528	6322
2528	6323
2529	6324
2529	6325
2529	6326
2530	6327
2530	6328
2531	6329
2531	6330
2531	6331
2531	6332
2532	6333
2533	6336
2534	6338
2535	6333
2536	6338
2537	6334
2538	6337
2539	6335
2540	6334
2541	6334
2542	6337
2543	6337
2544	6333
2545	6337
2546	6336
2547	6337
2548	6336
2549	6336
2550	6335
2551	6334
2552	6337
2553	6334
2554	6335
2555	6338
2556	6333
2557	6338
2558	6337
2559	6334
2560	6337
2561	6336
2562	6336
2563	6335
2564	6338
2565	6336
2566	6334
2567	6338
2568	6337
2569	6336
2570	6338
2571	6337
2572	6336
2573	6334
2574	6337
2575	6336
2576	6337
2577	6335
2578	6336
2579	6335
2580	6333
2581	6338
2582	6335
2583	6337
2584	6336
2585	6336
2586	6338
2587	6337
2588	6336
2589	6333
2590	6337
2591	6336
2592	6333
2593	6337
2594	6338
2595	6333
2596	6334
2597	6337
2598	6334
2599	6336
2600	6338
2601	6337
2602	6334
2603	6337
2604	6338
2605	6335
2606	6333
2607	6337
2608	6336
2609	6333
2610	6337
2611	6338
2612	6336
2613	6334
2614	6335
2615	6337
2616	6334
2617	6338
2618	6335
2619	6334
2620	6337
2621	6336
2622	6338
2623	6334
2624	6334
2625	6338
2626	6337
2627	6336
2628	6336
2629	6335
2630	6334
2631	6334
2632	6338
2633	6338
2634	6335
2635	6338
2636	6336
2637	6337
2638	6333
2639	6338
2640	6334
2641	6336
2642	6337
2643	6334
2644	6335
2645	6333
2646	6337
2647	6337
2648	6334
2649	6334
2650	6335
2651	6335
2652	6337
2653	6334
2654	6335
2655	6338
2656	6337
2657	6338
2658	6334
2659	6333
2660	6335
2661	6336
2662	6338
2663	6337
2664	6336
2665	6334
2666	6338
2667	6336
2668	6335
2669	6335
2670	6333
2671	6333
2672	6334
2673	6336
2674	6334
2675	6335
2676	6335
2677	6337
2678	6337
2679	6333
2680	6335
2681	6336
2682	6337
2683	6334
2684	6337
2685	6335
2686	6338
2687	6333
2688	6336
2689	6334
2690	6337
2691	6333
2692	6333
2693	6335
2694	6333
2695	6334
2696	6335
2697	6337
2698	6335
2699	6334
2700	6333
2701	6335
2702	6333
2703	6337
2704	6333
2705	6338
2706	6336
2707	6333
2708	6333
2709	6336
2710	6337
2711	6335
2712	6334
2713	6337
2714	6337
2715	6333
2716	6334
2717	6335
2718	6335
2719	6333
2720	6338
2721	6334
2722	6335
2723	6336
2724	6338
2725	6337
2726	6335
2727	6336
2728	6335
2729	6335
2730	6337
2731	6336
2732	6333
2733	6338
2734	6335
2735	6338
2736	6338
2737	6334
2738	6334
2739	6333
2740	6336
2741	6335
2742	6334
2743	6337
2744	6334
2745	6334
2746	6336
2747	6333
2748	6335
2749	6333
2750	6338
2751	6336
2752	6337
2753	6334
2754	6334
2755	6338
2756	6337
2757	6336
2758	6335
2759	6336
2760	6337
2761	6338
2762	6333
2763	6334
2764	6333
2765	6337
2766	6333
2767	6334
2768	6338
2769	6335
2770	6336
2771	6338
2772	6333
2773	6337
2774	6336
2775	6336
2776	6334
2777	6338
2778	6334
2779	6337
2780	6336
2781	6334
2782	6333
2783	6337
2784	6334
2785	6335
2786	6334
2787	6333
2788	6334
2789	6333
2790	6334
2791	6333
2792	6334
2793	6338
2794	6335
2795	6337
2796	6338
2797	6338
2798	6335
2799	6334
2800	6333
2801	6336
2802	6334
2803	6336
2804	6337
2805	6334
2806	6335
2807	6337
2808	6333
2809	6338
2810	6335
2811	6335
2812	6338
2813	6333
2814	6336
2815	6336
2816	6334
2817	6338
2818	6333
2819	6334
2820	6336
2821	6333
2822	6336
2823	6334
2824	6335
2825	6335
2826	6333
2827	6337
2828	6337
2829	6334
2830	6337
2831	6336
2832	6338
2833	6333
2834	6336
2835	6333
2836	6335
2837	6335
2838	6333
2839	6336
2840	6334
2841	6338
2842	6333
2843	6335
2844	6333
2845	6336
2846	6334
2847	6337
2848	6338
2849	6338
2850	6337
2851	6336
2852	6336
2853	6335
2854	6333
2855	6333
2856	6338
2857	6335
2858	6337
2859	6338
2860	6335
2861	6333
2862	6335
2863	6335
2864	6338
2865	6337
2866	6336
2867	6337
2868	6335
2869	6337
2870	6336
2871	6333
2872	6334
2873	6338
2874	6336
2875	6336
2876	6334
2877	6336
2878	6337
2879	6337
2880	6333
2881	6338
2882	6336
2883	6335
2884	6337
2885	6335
2886	6337
2887	6334
2888	6335
2889	6338
2890	6335
2891	6333
2892	6335
2893	6334
2894	6334
2895	6337
2896	6334
2897	6335
2898	6338
2899	6337
2900	6336
2901	6338
2902	6338
2903	6336
2904	6333
2905	6337
2906	6338
2907	6338
2908	6333
2909	6334
2910	6336
2911	6334
2912	6333
2913	6338
2914	6334
2915	6335
2916	6336
2917	6335
2918	6334
2919	6336
2920	6338
2921	6338
2922	6334
2923	6334
2924	6333
2925	6338
2926	6338
2927	6336
2928	6337
2929	6337
2930	6336
2931	6334
2932	6336
2933	6333
2934	6333
2935	6336
2936	6334
2937	6336
2938	6336
2939	6337
2940	6337
2941	6338
2942	6334
2943	6336
2944	6335
2945	6338
2946	6338
2947	6334
2948	6338
2949	6334
2950	6333
2951	6333
2952	6333
2953	6334
2954	6335
2955	6335
2956	6336
2957	6333
2958	6335
2959	6337
2960	6334
2961	6338
2962	6335
2963	6333
2964	6333
2965	6337
2966	6336
2967	6334
2968	6338
2969	6338
2970	6336
2971	6338
2972	6333
2973	6333
2974	6333
2975	6338
2976	6337
2977	6337
2978	6338
2979	6335
2980	6338
2981	6337
2982	6335
2983	6333
2984	6333
2985	6333
2986	6338
2987	6335
2988	6338
2989	6334
2990	6333
2991	6338
2992	6338
2993	6336
2994	6335
2995	6337
2996	6336
2997	6336
2998	6335
2999	6336
3000	6338
3001	6333
3002	6333
3003	6333
3004	6337
3005	6337
3006	6335
3007	6336
3008	6334
3009	6336
3010	6337
3011	6336
3012	6336
3013	6335
3014	6334
3015	6333
3016	6336
3017	6336
3018	6338
3019	6334
3020	6337
3021	6334
3022	6336
3023	6333
3024	6334
3025	6338
3026	6336
3027	6335
3028	6334
3029	6335
3030	6333
3031	6334
3032	6335
3033	6337
3034	6334
3035	6338
3036	6334
3037	6334
3038	6335
3039	6337
3040	6338
3041	6335
3042	6334
3043	6333
3044	6335
3045	6334
3046	6333
3047	6334
3048	6337
3049	6337
3050	6333
3051	6337
3052	6336
3053	6333
3054	6336
3055	6337
3056	6337
3057	6333
3058	6338
3059	6338
3060	6333
3061	6338
3062	6334
3063	6336
3064	6334
3065	6336
3066	6335
3067	6334
3068	6336
3069	6335
3070	6338
3071	6333
3072	6338
3073	6337
3074	6333
3075	6335
3076	6338
3077	6337
3078	6338
3079	6338
3080	6338
3081	6337
3082	6335
3083	6334
3084	6334
3085	6336
3086	6333
3087	6335
3088	6337
3089	6335
3090	6333
3091	6335
3092	6337
3093	6336
3094	6335
3095	6338
3096	6334
3097	6336
3098	6338
3099	6333
3100	6338
3101	6336
3102	6334
3103	6338
3104	6333
3105	6333
3106	6334
3107	6338
3108	6336
3109	6334
3110	6335
3111	6336
3112	6337
3113	6334
3114	6338
3115	6333
3116	6333
3117	6336
3118	6336
3119	6335
3120	6333
3121	6337
3122	6333
3123	6337
3124	6337
3125	6336
3126	6334
3127	6337
3128	6337
3129	6335
3130	6335
3131	6338
3132	6338
3133	6335
3134	6334
3135	6337
3136	6333
3137	6337
3138	6335
3139	6335
3140	6338
3141	6336
3142	6336
3143	6337
3144	6333
3145	6336
3146	6336
3147	6335
3148	6333
3149	6335
3150	6335
3151	6335
3152	6334
3153	6336
3154	6334
3155	6336
3156	6335
3157	6336
3158	6337
3159	6338
3160	6334
3161	6337
3162	6338
3163	6335
3164	6333
3165	6336
3166	6334
3167	6338
3168	6333
3169	6338
3170	6334
3171	6336
3172	6333
3173	6336
3174	6333
3175	6334
3176	6337
3177	6333
3178	6338
3179	6338
3180	6333
3181	6338
3182	6336
3183	6335
3184	6333
3185	6338
3186	6334
3187	6336
3188	6336
3189	6337
3190	6333
3191	6333
3192	6337
3193	6336
3194	6334
3195	6338
3196	6336
3197	6336
3198	6336
3199	6338
3200	6335
3201	6333
3202	6336
3203	6333
3204	6338
3205	6334
3206	6335
3207	6333
3208	6333
3209	6334
3210	6334
3211	6333
3212	6338
3213	6335
3214	6335
3215	6333
3216	6333
3217	6333
3218	6336
3219	6333
3220	6336
3221	6337
3222	6338
3223	6334
3224	6336
3225	6336
3226	6333
3227	6336
3228	6338
3229	6338
3230	6334
3231	6337
3232	6338
3233	6334
3234	6335
3235	6337
3236	6338
3237	6335
3238	6334
3239	6335
3240	6337
3241	6335
3242	6335
3243	6334
3244	6334
3245	6335
3246	6338
3247	6334
3248	6333
3249	6337
3250	6334
3251	6336
3252	6333
3253	6335
3254	6333
3255	6338
3256	6338
3257	6336
3258	6337
3259	6337
3260	6338
3261	6335
3262	6336
3263	6335
3264	6336
3265	6335
3266	6333
3267	6334
3268	6336
3269	6337
3270	6333
3271	6334
3272	6338
3273	6338
3274	6334
3275	6337
3276	6338
3277	6337
3278	6333
3279	6333
3280	6336
3281	6338
3282	6335
3283	6338
3284	6338
3285	6336
3286	6337
3287	6333
3288	6334
3289	6333
3290	6338
3291	6335
3292	6333
3293	6337
3294	6334
3295	6337
3296	6338
3297	6335
3298	6334
3299	6333
3300	6336
3301	6337
3302	6333
3303	6336
3304	6334
3305	6338
3306	6337
3307	6333
3308	6337
3309	6333
3310	6336
3311	6336
3312	6333
3313	6338
3314	6334
3315	6333
3316	6334
3317	6334
3318	6338
3319	6333
3320	6334
3321	6336
3322	6338
3323	6335
3324	6338
3325	6336
3326	6338
3327	6333
3328	6333
3329	6335
3330	6338
3331	6338
3332	6335
3333	6336
3334	6338
3335	6334
3336	6336
3337	6334
3338	6334
3339	6334
3340	6334
3341	6336
3342	6337
3343	6337
3344	6335
3345	6333
3346	6335
3347	6335
3348	6337
3349	6334
3350	6338
3351	6333
3352	6338
3353	6337
3354	6337
3355	6338
3356	6337
3357	6335
3358	6336
3359	6333
3360	6334
3361	6334
3362	6333
3363	6337
3364	6334
3365	6334
3366	6336
3367	6338
3368	6337
3369	6338
3370	6337
3371	6338
3372	6334
3373	6338
3374	6337
3375	6336
3376	6336
3377	6335
3378	6338
3379	6334
3380	6337
3381	6333
3382	6333
3383	6337
3384	6335
3385	6334
3386	6333
3387	6333
3388	6337
3389	6337
3390	6333
3391	6334
3392	6336
3393	6337
3394	6333
3395	6337
3396	6334
3397	6336
3398	6337
3399	6334
3400	6338
3401	6337
3402	6336
3403	6334
3404	6333
3405	6338
3406	6334
3407	6334
3408	6335
3409	6336
3410	6338
3411	6337
3412	6337
3413	6333
3414	6337
3415	6336
3416	6337
3417	6338
3418	6336
3419	6337
3420	6335
3421	6338
3422	6335
3423	6334
3424	6335
3425	6336
3426	6336
3427	6338
3428	6336
3429	6333
3430	6333
3431	6337
3432	6336
3433	6338
3434	6336
3435	6336
3436	6335
3437	6333
3438	6337
3439	6334
3440	6337
3441	6336
3442	6337
3443	6334
3444	6337
3445	6335
3446	6334
3447	6336
3448	6337
3449	6336
3450	6336
3451	6337
3452	6336
3453	6337
3454	6334
3455	6337
3456	6336
3457	6333
3458	6338
3459	6336
3460	6333
3461	6335
3462	6338
3463	6335
3464	6334
3465	6333
3466	6338
3467	6338
3468	6335
3469	6337
3470	6335
3471	6338
3472	6333
3473	6337
3474	6334
3475	6335
3476	6336
3477	6336
3478	6338
3479	6335
3480	6335
3481	6336
3482	6337
3483	6334
3484	6335
3485	6337
3486	6334
3487	6338
3488	6335
3489	6337
3490	6338
3491	6334
3492	6334
3493	6337
3494	6338
3495	6336
3496	6337
3497	6336
3498	6338
3499	6335
3500	6335
3501	6333
3502	6334
3503	6338
3504	6336
3505	6337
3506	6333
3507	6337
3508	6337
3509	6336
3510	6336
3511	6336
3512	6333
3513	6335
3514	6334
3515	6333
3516	6335
3517	6338
3518	6335
3519	6337
3520	6333
3521	6337
3522	6334
3523	6337
3524	6333
3525	6334
3526	6336
3527	6335
3528	6335
3529	6334
3530	6333
3531	6338
3532	6334
3533	6338
3534	6336
3535	6336
3536	6334
3537	6333
3538	6333
3539	6335
3540	6335
3541	6338
3542	6334
3543	6333
3544	6335
3545	6336
3546	6333
3547	6333
3548	6337
3549	6335
3550	6337
3551	6333
3552	6336
3553	6335
3554	6335
3555	6338
3556	6337
3557	6334
3558	6334
3559	6336
3560	6335
3561	6336
3562	6333
3563	6337
3564	6337
3565	6336
3566	6336
3567	6336
3568	6336
3569	6336
3570	6338
3571	6335
3572	6335
3573	6333
3574	6338
3575	6336
3576	6335
3577	6338
3578	6336
3579	6334
3580	6335
3581	6335
3582	6336
3583	6338
3584	6333
3585	6334
3586	6338
3587	6338
3588	6335
3589	6333
3590	6336
3591	6336
3592	6334
3593	6335
3594	6338
3595	6338
3596	6333
3597	6338
3598	6333
3599	6337
3600	6334
3601	6337
3602	6336
3603	6335
3604	6335
3605	6337
3606	6334
3607	6336
3608	6338
3609	6333
3610	6337
3611	6338
3612	6336
3613	6334
3614	6333
3615	6336
3616	6335
3617	6337
3618	6338
3619	6336
3620	6334
3621	6334
3622	6338
3623	6337
3624	6337
3625	6334
3626	6334
3627	6337
3628	6333
3629	6335
3630	6337
3631	6334
3632	6333
3633	6338
3634	6335
3635	6336
3636	6334
3637	6334
3638	6338
3639	6333
3640	6333
3641	6335
3642	6336
3643	6333
3644	6337
3645	6333
3646	6336
3647	6334
3648	6334
3649	6334
3650	6338
3651	6335
3652	6333
3653	6334
3654	6336
3655	6333
3656	6333
3657	6337
3658	6337
3659	6336
3660	6334
3661	6337
3662	6335
3663	6333
3664	6333
3665	6333
3666	6337
3667	6338
3668	6334
3669	6333
3670	6338
3671	6335
3672	6337
3673	6333
3674	6334
3675	6338
3676	6335
3677	6337
3678	6334
3679	6336
3680	6337
3681	6338
3682	6336
3683	6334
3684	6337
3685	6334
3686	6338
3687	6333
3688	6335
3689	6334
3690	6336
3691	6337
3692	6337
3693	6338
3694	6335
3695	6338
3696	6333
3697	6335
3698	6335
3699	6337
3700	6338
3701	6337
3702	6334
3703	6337
3704	6338
3705	6334
3706	6334
3707	6338
3708	6335
3709	6336
3710	6337
3711	6333
3712	6338
3713	6338
3714	6337
3715	6338
3716	6333
3717	6338
3718	6334
3719	6337
3720	6336
3721	6336
3722	6333
3723	6338
3724	6336
3725	6337
3726	6335
3727	6336
3728	6334
3729	6333
3730	6333
3731	6337
3732	6334
3733	6337
3734	6334
3735	6335
3736	6333
3737	6333
3738	6338
3739	6337
3740	6334
3741	6338
3742	6338
3743	6335
3744	6334
3745	6334
3746	6337
3747	6337
3748	6334
3749	6338
3750	6333
3751	6333
3752	6337
3753	6336
3754	6335
3755	6336
3756	6336
3757	6335
3758	6337
3759	6335
3760	6335
3761	6333
3762	6334
3763	6333
3764	6333
3765	6333
3766	6335
3767	6338
3768	6333
3769	6334
3770	6335
3771	6337
3772	6335
3773	6338
3774	6337
3775	6334
3776	6333
3777	6336
3778	6333
3779	6337
3780	6333
3781	6336
3782	6337
3783	6334
3784	6337
3785	6336
3786	6335
3787	6334
3788	6336
3789	6335
3790	6333
3791	6333
3792	6337
3793	6334
3794	6333
3795	6334
3796	6336
3797	6335
3798	6337
3799	6335
3800	6337
3801	6334
3802	6333
3803	6336
3804	6333
3805	6337
3806	6333
3807	6335
3808	6338
3809	6337
3810	6337
3811	6336
3812	6336
3813	6335
3814	6333
3815	6335
3816	6334
3817	6335
3818	6335
3819	6333
3820	6337
3821	6334
3822	6337
3823	6335
3824	6334
3825	6337
3826	6334
3827	6334
3828	6338
3829	6335
3830	6335
3831	6337
3832	6334
3833	6335
3834	6338
3835	6334
3836	6333
3837	6334
3838	6334
3839	6336
3840	6334
3841	6334
3842	6336
3843	6337
3844	6334
3845	6333
3846	6338
3847	6336
3848	6333
3849	6336
3850	6337
3851	6335
3852	6338
3853	6334
3854	6337
3855	6337
3856	6335
3857	6338
3858	6335
3859	6335
3860	6334
3861	6333
3862	6336
3863	6336
3864	6338
3865	6338
3866	6334
3867	6338
3868	6335
3869	6335
3870	6333
3871	6333
3872	6334
3873	6336
3874	6338
3875	6334
3876	6334
3877	6336
3878	6336
3879	6335
3880	6335
3881	6333
3882	6337
3883	6336
3884	6338
3885	6337
3886	6338
3887	6334
3888	6333
3889	6334
3890	6334
3891	6337
3892	6334
3893	6337
3894	6338
3895	6335
3896	6334
3897	6334
3898	6333
3899	6335
3900	6336
3901	6334
3902	6338
3903	6335
3904	6333
3905	6338
3906	6336
3907	6333
3908	6335
3909	6333
3910	6333
3911	6334
3912	6337
3913	6337
3914	6333
3915	6333
3916	6334
3917	6338
3918	6334
3919	6336
3920	6333
3921	6334
3922	6333
3923	6337
3924	6333
3925	6337
3926	6333
3927	6333
3928	6338
3929	6335
3930	6335
3931	6333
3932	6335
3933	6335
3934	6334
3935	6338
3936	6335
3937	6334
3938	6336
3939	6334
3940	6336
3941	6334
3942	6334
3943	6333
3944	6336
3945	6333
3946	6338
3947	6335
3948	6333
3949	6338
3950	6338
3951	6335
3952	6337
3953	6338
3954	6333
3955	6337
3956	6338
3957	6337
3958	6336
3959	6336
3960	6333
3961	6338
3962	6337
3963	6338
3964	6337
3965	6338
3966	6335
3967	6334
3968	6337
3969	6338
3970	6335
3971	6335
3972	6334
3973	6334
3974	6334
3975	6333
3976	6335
3977	6335
3978	6333
3979	6337
3980	6337
3981	6333
3982	6335
3983	6334
3984	6337
3985	6337
3986	6338
3987	6337
3988	6336
3989	6337
3990	6333
3991	6338
3992	6335
3993	6335
3994	6335
3995	6333
3996	6337
3997	6333
3998	6335
3999	6338
4000	6337
4001	6337
4002	6337
4003	6337
4004	6338
4005	6336
4006	6333
4007	6333
4008	6335
4009	6334
4010	6336
4011	6335
4012	6335
4013	6336
4014	6336
4015	6333
4016	6337
4017	6336
4018	6335
4019	6334
4020	6338
4021	6336
4022	6333
4023	6338
4024	6337
4025	6333
4026	6338
4027	6334
4028	6338
4029	6338
4030	6334
4031	6336
4032	6338
4033	6334
4034	6337
4035	6335
4036	6334
4037	6334
4038	6336
4039	6337
4040	6334
4041	6334
4042	6336
4043	6337
4044	6333
4045	6338
4046	6336
4047	6334
4048	6335
4049	6333
4050	6334
4051	6335
4052	6333
4053	6337
4054	6336
4055	6338
4056	6338
4057	6337
4058	6333
4059	6337
4060	6335
4061	6337
4062	6336
4063	6337
4064	6334
4065	6333
4066	6337
4067	6336
4068	6335
4069	6337
4070	6337
4071	6335
4072	6337
4073	6336
4074	6337
4075	6333
4076	6333
4077	6333
4078	6333
4079	6334
4080	6336
4081	6338
4082	6334
4083	6336
4084	6334
4085	6333
4086	6333
4087	6334
4088	6338
4089	6337
4090	6338
4091	6335
4092	6334
4093	6336
4094	6336
4095	6333
4096	6338
4097	6337
4098	6337
4099	6336
4100	6338
4101	6334
4102	6336
4103	6337
4104	6333
4105	6335
4106	6337
4107	6337
4108	6334
4109	6334
4110	6336
4111	6338
4112	6338
4113	6338
4114	6335
4115	6337
4116	6334
4117	6338
4118	6334
4119	6333
4120	6338
4121	6336
4122	6335
4123	6338
4124	6336
4125	6333
4126	6333
4127	6334
4128	6335
4129	6337
4130	6337
4131	6333
4132	6334
4133	6336
4134	6335
4135	6334
4136	6333
4137	6333
4138	6336
4139	6336
4140	6335
4141	6334
4142	6338
4143	6334
4144	6334
4145	6336
4146	6336
4147	6336
4148	6336
4149	6334
4150	6333
4151	6334
4152	6334
4153	6337
4154	6333
4155	6337
4156	6335
4157	6338
4158	6335
4159	6333
4160	6335
4161	6335
4162	6337
4163	6334
4164	6334
4165	6335
4166	6334
4167	6335
4168	6334
4169	6335
4170	6333
4171	6337
4172	6334
4173	6335
4174	6337
4175	6334
4176	6336
4177	6337
4178	6333
4179	6335
4180	6338
4181	6334
4182	6336
4183	6338
4184	6335
4185	6338
4186	6335
4187	6336
4188	6335
4189	6337
4190	6333
4191	6334
4192	6337
4193	6334
4194	6334
4195	6335
4196	6335
4197	6337
4198	6337
4199	6336
4200	6337
4201	6338
4202	6334
4203	6337
4204	6338
4205	6333
4206	6334
4207	6336
4208	6336
4209	6333
4210	6335
4211	6336
4212	6335
4213	6337
4214	6333
4215	6337
4216	6333
4217	6334
4218	6337
4219	6333
4220	6333
4221	6335
4222	6337
4223	6338
4224	6333
4225	6335
4226	6333
4227	6338
4228	6334
4229	6333
4230	6334
4231	6337
4232	6333
4233	6334
4234	6338
4235	6333
4236	6337
4237	6335
4238	6337
4239	6338
4240	6334
4241	6335
4242	6338
4243	6333
4244	6338
4245	6336
4246	6333
4247	6333
4248	6335
4249	6336
4250	6334
4251	6335
4252	6334
4253	6335
4254	6333
4255	6337
4256	6336
4257	6338
4258	6334
4259	6338
4260	6337
4261	6336
4262	6338
4263	6338
4264	6336
4265	6335
4266	6333
4267	6333
4268	6336
4269	6334
4270	6336
4271	6333
4272	6334
4273	6334
4274	6333
4275	6338
4276	6336
4277	6333
4278	6336
4279	6336
4280	6338
4281	6338
4282	6338
4283	6334
4284	6334
4285	6335
4286	6337
4287	6335
4288	6336
4289	6337
4290	6338
4291	6335
4292	6337
4293	6333
4294	6335
4295	6338
4296	6337
4297	6335
4298	6338
4299	6333
4300	6337
4301	6335
4302	6337
4303	6338
4304	6335
4305	6338
4306	6334
4307	6333
4308	6336
4309	6333
4310	6337
4311	6336
4312	6337
4313	6334
4314	6333
4315	6335
4316	6337
4317	6336
4318	6337
4319	6335
4320	6336
4321	6335
4322	6333
4323	6338
4324	6334
4325	6334
4326	6334
4327	6337
4328	6334
4329	6336
4330	6335
4331	6333
4332	6335
4333	6337
4334	6336
4335	6337
4336	6336
4337	6338
4338	6337
4339	6338
4340	6335
4341	6333
4342	6335
4343	6334
4344	6337
4345	6335
4346	6337
4347	6338
4348	6336
4349	6335
4350	6333
4351	6337
4352	6333
4353	6337
4354	6333
4355	6333
4356	6335
4357	6333
4358	6336
4359	6333
4360	6338
4361	6334
4362	6334
4363	6336
4364	6335
4365	6336
4366	6336
4367	6336
4368	6336
4369	6334
4370	6338
4371	6335
4372	6338
4373	6335
4374	6336
4375	6338
4376	6337
4377	6338
4378	6338
4379	6337
4380	6337
4381	6338
4382	6334
4383	6337
4384	6338
4385	6338
4386	6338
4387	6336
4388	6338
4389	6334
4390	6337
4391	6333
4392	6337
4393	6335
4394	6335
4395	6337
4396	6338
4397	6334
4398	6337
4399	6337
4400	6333
4401	6333
4402	6335
4403	6336
4404	6338
4405	6338
4406	6334
4407	6338
4408	6336
4409	6334
4410	6334
4411	6337
4412	6337
4413	6336
4414	6334
4415	6338
4416	6336
4417	6335
4418	6336
4419	6334
4420	6338
4421	6333
4422	6337
4423	6336
4424	6334
4425	6335
4426	6338
4427	6334
4428	6337
4429	6338
4430	6336
4431	6333
4432	6338
4433	6334
4434	6336
4435	6336
4436	6333
4437	6334
4438	6336
4439	6336
4440	6334
4441	6334
4442	6337
4443	6336
4444	6335
4445	6337
4446	6338
4447	6334
4448	6335
4449	6338
4450	6334
4451	6335
4452	6336
4453	6336
4454	6333
4455	6336
4456	6334
4457	6338
4458	6338
4459	6335
4460	6336
4461	6337
4462	6336
4463	6333
4464	6338
4465	6333
4466	6337
4467	6334
4468	6336
4469	6335
4470	6335
4471	6333
4472	6334
4473	6336
4474	6337
4475	6334
4476	6334
4477	6334
4478	6335
4479	6337
4480	6338
4481	6333
4482	6336
4483	6333
4484	6336
4485	6336
4486	6334
4487	6333
4488	6333
4489	6335
4490	6333
4491	6335
4492	6334
4493	6335
4494	6337
4495	6335
4496	6336
4497	6336
4498	6333
4499	6333
4500	6337
4501	6336
4502	6335
4503	6337
4504	6337
4505	6334
4506	6337
4507	6335
4508	6335
4509	6336
4510	6337
4511	6336
4512	6337
4513	6333
4514	6337
4515	6337
4516	6333
4517	6336
4518	6338
4519	6338
4520	6336
4521	6335
4522	6338
4523	6338
4524	6333
4525	6335
4526	6333
4527	6337
4528	6337
4529	6334
4530	6336
4531	6337
4532	6338
4533	6333
4534	6333
4535	6338
4536	6334
4537	6337
4538	6337
4539	6336
4540	6333
4541	6337
4542	6336
4543	6335
4544	6335
4545	6333
4546	6334
4547	6335
4548	6335
4549	6337
4550	6334
4551	6337
4552	6335
4553	6337
4554	6337
4555	6338
4556	6335
4557	6336
4558	6334
4559	6333
4560	6337
4561	6336
4562	6334
4563	6338
4564	6334
4565	6334
4566	6335
4567	6335
4568	6336
4569	6334
4570	6334
4571	6334
4572	6335
4573	6338
4574	6335
4575	6333
4576	6338
4577	6337
4578	6335
4579	6335
4580	6335
4581	6333
4582	6338
4583	6338
4584	6335
4585	6337
4586	6337
4587	6333
4588	6333
4589	6338
4590	6336
4591	6337
4592	6333
4593	6335
4594	6337
4595	6335
4596	6336
4597	6337
4598	6337
4599	6333
4600	6338
4601	6335
4602	6335
4603	6335
4604	6335
4605	6334
4606	6337
4607	6338
4608	6335
4609	6336
4610	6338
4611	6338
4612	6335
4613	6335
4614	6336
4615	6335
4616	6334
4617	6333
4618	6334
4619	6334
4620	6336
4621	6336
4622	6334
4623	6336
4624	6333
4625	6338
4626	6335
4627	6336
4628	6338
4629	6335
4630	6335
4631	6338
4632	6337
4633	6335
4634	6338
4635	6335
4636	6336
4637	6333
4638	6338
4639	6338
4640	6335
4641	6335
4642	6337
4643	6333
4644	6338
4645	6333
4646	6336
4647	6333
4648	6337
4649	6334
4650	6336
4651	6336
4652	6336
4653	6337
4654	6333
4655	6335
4656	6336
4657	6333
4658	6336
4659	6335
4660	6333
4661	6337
4662	6333
4663	6338
4664	6333
4665	6337
4666	6333
4667	6334
4668	6338
4669	6336
4670	6333
4671	6336
4672	6338
4673	6334
4674	6336
4675	6334
4676	6335
4677	6334
4678	6338
4679	6334
4680	6333
4681	6335
4682	6338
4683	6337
4684	6337
4685	6337
4686	6337
4687	6334
4688	6334
4689	6334
4690	6338
4691	6335
4692	6333
4693	6335
4694	6333
4695	6334
4696	6335
4697	6337
4698	6335
4699	6337
4700	6337
4701	6335
4702	6334
4703	6334
4704	6337
4705	6334
4706	6335
4707	6337
4708	6333
4709	6335
4710	6336
4711	6334
4712	6335
4713	6333
4714	6338
4715	6335
4716	6334
4717	6334
4718	6335
4719	6333
4720	6336
4721	6338
4722	6333
4723	6333
4724	6335
4725	6338
4726	6333
4727	6334
4728	6334
4729	6334
4730	6338
4731	6335
4732	6336
4733	6335
4734	6335
4735	6335
4736	6338
4737	6338
4738	6334
4739	6334
4740	6335
4741	6334
4742	6334
4743	6333
4744	6338
4745	6333
4746	6337
4747	6338
4748	6337
4749	6335
4750	6333
4751	6335
4752	6335
4753	6334
4754	6336
4755	6337
4756	6333
4757	6335
4758	6337
4759	6338
4760	6337
4761	6335
4762	6333
4763	6338
4764	6336
4765	6337
4766	6338
4767	6335
4768	6336
4769	6338
4770	6338
4771	6333
4772	6335
4773	6334
4774	6335
4775	6337
4776	6338
4777	6337
4778	6333
4779	6333
4780	6337
4781	6335
4782	6333
4783	6334
4784	6336
4785	6334
4786	6333
4787	6335
4788	6334
4789	6336
4790	6337
4791	6336
4792	6337
4793	6334
4794	6336
4795	6334
4796	6337
4797	6337
4798	6335
4799	6336
4800	6333
4801	6333
4802	6337
4803	6336
4804	6336
4805	6335
4806	6333
4807	6333
4808	6338
4809	6337
4810	6335
4811	6338
4812	6334
4813	6333
4814	6333
4815	6334
4816	6334
4817	6337
4818	6337
4819	6337
4820	6335
4821	6334
4822	6338
4823	6337
4824	6335
4825	6335
4826	6336
4827	6333
4828	6337
4829	6336
4830	6336
4831	6335
4832	6334
4833	6333
4834	6337
4835	6337
4836	6336
4837	6334
4838	6337
4839	6334
4840	6336
4841	6334
4842	6335
4843	6333
4844	6334
4845	6334
4846	6336
4847	6336
4848	6337
4849	6336
4850	6333
4851	6333
4852	6336
4853	6335
4854	6334
4855	6334
4856	6334
4857	6333
4858	6333
4859	6334
4860	6333
4861	6336
4862	6333
4863	6338
4864	6334
4865	6333
4866	6334
4867	6337
4868	6334
4869	6338
4870	6336
4871	6333
4872	6334
4873	6335
4874	6335
4875	6337
4876	6338
4877	6334
4878	6336
4879	6334
4880	6334
4881	6336
4882	6335
4883	6334
4884	6336
4885	6336
4886	6337
4887	6333
4888	6333
4889	6335
4890	6337
4891	6333
4892	6333
4893	6334
4894	6336
4895	6337
4896	6338
4897	6334
4898	6336
4899	6335
4900	6336
4901	6337
4902	6338
4903	6336
4904	6333
4905	6338
4906	6333
4907	6335
4908	6337
4909	6337
4910	6338
4911	6337
4912	6334
4913	6333
4914	6335
4915	6337
4916	6337
4917	6336
4918	6335
4919	6338
4920	6333
4921	6338
4922	6334
4923	6334
4924	6338
4925	6333
4926	6334
4927	6337
4928	6335
4929	6338
4930	6337
4931	6338
4932	6337
4933	6336
4934	6335
4935	6337
4936	6334
4937	6334
4938	6333
4939	6337
4940	6337
4941	6338
4942	6336
4943	6333
4944	6336
4945	6335
4946	6336
4947	6334
4948	6338
4949	6335
4950	6334
4951	6335
4952	6334
4953	6338
4954	6335
4955	6336
4956	6334
4957	6338
4958	6333
4959	6338
4960	6336
4961	6338
4962	6337
4963	6336
4964	6338
4965	6336
4966	6338
4967	6335
4968	6335
4969	6337
4970	6336
4971	6333
4972	6338
4973	6334
4974	6337
4975	6336
4976	6338
4977	6337
4978	6337
4979	6333
4980	6333
4981	6338
4982	6337
4983	6333
4984	6335
4985	6338
4986	6338
4987	6336
4988	6335
4989	6337
4990	6337
4991	6336
4992	6337
4993	6336
4994	6337
4995	6338
4996	6333
4997	6333
4998	6334
4999	6336
5000	6334
5001	6334
5002	6334
5003	6334
5004	6337
5005	6333
5006	6333
5007	6337
5008	6334
5009	6336
5010	6336
5011	6337
5012	6335
5013	6336
5014	6335
5015	6335
5016	6337
5017	6337
5018	6334
5019	6334
5020	6337
5021	6336
5022	6336
5023	6336
5024	6335
5025	6335
5026	6337
5027	6338
5028	6333
5029	6336
5030	6337
5031	6338
5032	6336
5033	6338
5034	6336
5035	6336
5036	6338
5037	6336
5038	6338
5039	6334
5040	6334
5041	6337
5042	6338
5043	6334
5044	6337
5045	6335
5046	6336
5047	6333
5048	6337
5049	6337
5050	6337
5051	6334
5052	6336
5053	6335
5054	6338
5055	6336
5056	6338
5057	6336
5058	6338
5059	6336
5060	6338
5061	6336
5062	6334
5063	6338
5064	6336
5065	6335
5066	6336
5067	6337
5068	6338
5069	6336
5070	6338
5071	6337
5072	6334
5073	6338
5074	6335
5075	6338
5076	6334
5077	6333
5078	6333
5079	6335
5080	6336
5081	6335
5082	6336
5083	6337
5084	6335
5085	6334
5086	6337
5087	6333
5088	6334
5089	6333
5090	6337
5091	6333
5092	6337
5093	6333
5094	6335
5095	6336
5096	6334
5097	6336
5098	6337
5099	6337
5100	6334
5101	6335
5102	6337
5103	6335
5104	6335
5105	6335
5106	6337
5107	6336
5108	6335
5109	6335
5110	6334
5111	6333
5112	6337
5113	6337
5114	6333
5115	6335
5116	6335
5117	6333
5118	6337
5119	6337
5120	6334
5121	6335
5122	6334
5123	6333
5124	6336
5125	6335
5126	6338
5127	6337
5128	6337
5129	6338
5130	6337
5131	6333
5132	6337
5133	6338
5134	6334
5135	6335
5136	6333
5137	6337
5138	6338
5139	6336
5140	6337
5141	6334
5142	6333
5143	6333
5144	6333
5145	6338
5146	6336
5147	6336
5148	6338
5149	6333
5150	6333
5151	6338
5152	6337
5153	6335
5154	6335
5155	6336
5156	6338
5157	6337
5158	6335
5159	6335
5160	6333
5161	6338
5162	6334
5163	6336
5164	6338
5165	6336
5166	6337
5167	6335
5168	6337
5169	6337
5170	6334
5171	6336
5172	6337
5173	6333
5174	6338
5175	6338
5176	6336
5177	6337
5178	6334
5179	6338
5180	6335
5181	6335
5182	6333
5183	6333
5184	6333
5185	6337
5186	6333
5187	6334
5188	6334
5189	6336
5190	6334
5191	6338
5192	6334
5193	6334
5194	6335
5195	6338
5196	6336
5197	6333
5198	6333
5199	6335
5200	6337
5201	6336
5202	6333
5203	6337
5204	6333
5205	6337
5206	6335
5207	6337
5208	6335
5209	6334
5210	6336
5211	6334
5212	6334
5213	6334
5214	6338
5215	6336
5216	6336
5217	6334
5218	6337
5219	6334
5220	6333
5221	6337
5222	6333
5223	6337
5224	6338
5225	6334
5226	6334
5227	6337
5228	6336
5229	6335
5230	6334
5231	6335
5232	6337
5233	6333
5234	6338
5235	6337
5236	6338
5237	6334
5238	6336
5239	6336
5240	6338
5241	6333
5242	6334
5243	6338
5244	6335
5245	6334
5246	6336
5247	6336
5248	6335
5249	6333
5250	6337
5251	6335
5252	6336
5253	6337
5254	6338
5255	6338
5256	6338
5257	6333
5258	6334
5259	6333
5260	6334
5261	6335
5262	6333
5263	6337
5264	6334
5265	6336
5266	6333
5267	6333
5268	6335
5269	6338
5270	6334
5271	6333
5272	6336
5273	6335
5274	6335
5275	6334
5276	6336
5277	6338
5278	6336
5279	6335
5280	6336
5281	6338
5282	6336
5283	6337
5284	6337
5285	6338
5286	6333
5287	6338
5288	6338
5289	6336
5290	6333
5291	6335
5292	6333
5293	6334
5294	6334
5295	6336
5296	6337
5297	6333
5298	6335
5299	6333
5300	6335
5301	6338
5302	6337
5303	6333
5304	6335
5305	6338
5306	6333
5307	6338
5308	6335
5309	6338
5310	6338
5311	6335
5312	6334
5313	6334
5314	6336
5315	6338
5316	6335
5317	6338
5318	6333
5319	6335
5320	6333
5321	6337
5322	6338
5323	6334
5324	6334
5325	6335
5326	6336
5327	6335
5328	6338
5329	6337
5330	6335
5331	6335
5332	6335
5333	6337
5334	6338
5335	6334
5336	6337
5337	6336
5338	6338
5339	6338
5340	6337
5341	6334
5342	6333
5343	6335
5344	6336
5345	6335
5346	6335
5347	6338
5348	6338
5349	6336
5350	6338
5351	6337
5352	6333
5353	6337
5354	6335
5355	6335
5356	6336
5357	6335
5358	6333
5359	6338
5360	6337
5361	6337
5362	6337
5363	6334
5364	6334
5365	6337
5366	6336
5367	6334
5368	6334
5369	6337
5370	6334
5371	6335
5372	6338
5373	6336
5374	6337
5375	6333
5376	6333
5377	6336
5378	6333
5379	6338
5380	6334
5381	6337
5382	6338
5383	6335
5384	6337
5385	6337
5386	6336
5387	6333
5388	6336
5389	6336
5390	6334
5391	6335
5392	6337
5393	6337
5394	6335
5395	6336
5396	6335
5397	6337
5398	6333
5399	6336
5400	6335
5401	6336
5402	6337
5403	6336
5404	6336
5405	6333
5406	6337
5407	6337
5408	6336
5409	6334
5410	6334
5411	6335
5412	6338
5413	6333
5414	6337
5415	6337
5416	6336
5417	6335
5418	6335
5419	6333
5420	6337
5421	6334
5422	6333
5423	6334
5424	6338
5425	6338
5426	6333
5427	6338
5428	6338
5429	6336
5430	6333
5431	6338
5432	6338
5433	6338
5434	6333
5435	6338
5436	6337
5437	6335
5438	6335
5439	6334
5440	6334
5441	6337
5442	6336
5443	6334
5444	6335
5445	6335
5446	6337
5447	6335
5448	6335
5449	6334
5450	6336
5451	6338
5452	6334
5453	6334
5454	6337
5455	6336
5456	6333
5457	6333
5458	6337
5459	6338
5460	6334
5461	6334
5462	6334
5463	6337
5464	6337
5465	6333
5466	6336
5467	6333
5468	6338
5469	6336
5470	6338
5471	6336
5472	6336
5473	6334
5474	6335
5475	6334
5476	6338
5477	6338
5478	6334
5479	6336
5480	6335
5481	6335
5482	6334
5483	6337
5484	6337
5485	6335
5486	6334
5487	6338
5488	6333
5489	6336
5490	6336
5491	6334
5492	6335
5493	6334
5494	6334
5495	6335
5496	6338
5497	6335
5498	6338
5499	6337
5500	6338
5501	6335
5502	6334
5503	6335
5504	6335
5505	6335
5506	6337
5507	6338
5508	6336
5509	6338
5510	6338
5511	6334
5512	6333
5513	6336
5514	6337
5515	6335
5516	6333
5517	6337
5518	6337
5519	6338
5520	6333
5521	6335
5522	6335
5523	6333
5524	6337
5525	6333
5526	6338
5527	6336
5528	6336
5529	6338
5530	6336
5531	6335
5532	6334
5533	6335
5534	6335
5535	6334
5536	6333
5537	6333
5538	6337
5539	6337
5540	6333
5541	6335
5542	6336
5543	6333
5544	6336
5545	6336
5546	6338
5547	6338
5548	6334
5549	6335
5550	6337
5551	6336
5552	6334
5553	6333
5554	6338
5555	6335
5556	6335
5557	6333
5558	6336
5559	6333
5560	6338
5561	6336
5562	6338
5563	6335
5564	6337
5565	6336
5566	6337
5567	6337
5568	6337
5569	6337
5570	6337
5571	6338
5572	6335
5573	6336
5574	6338
5575	6338
5576	6336
5577	6335
5578	6333
5579	6336
5580	6337
5581	6338
5582	6333
5583	6338
5584	6336
5585	6336
5586	6336
5587	6336
5588	6336
5589	6336
5590	6333
5591	6336
5592	6333
5593	6338
5594	6337
5595	6337
5596	6335
5597	6337
5598	6336
5599	6335
5600	6336
5601	6335
5602	6337
5603	6334
5604	6335
5605	6337
5606	6338
5607	6335
5608	6336
5609	6334
5610	6335
5611	6337
5612	6338
5613	6338
5614	6334
5615	6338
5616	6338
5617	6336
5618	6335
5619	6333
5620	6334
5621	6335
5622	6333
5623	6335
5624	6334
5625	6333
5626	6338
5627	6336
5628	6334
5629	6335
5630	6337
5631	6338
5632	6335
5633	6334
5634	6337
5635	6335
5636	6337
5637	6336
5638	6334
5639	6335
5640	6334
5641	6334
5642	6338
5643	6338
5644	6336
5645	6334
5646	6338
5647	6335
5648	6338
5649	6333
5650	6335
5651	6338
5652	6337
5653	6334
5654	6335
5655	6335
5656	6335
5657	6336
5658	6338
5659	6336
5660	6335
5661	6338
5662	6335
5663	6334
5664	6333
5665	6337
5666	6333
5667	6333
5668	6334
5669	6337
5670	6338
5671	6338
5672	6338
5673	6335
5674	6338
5675	6338
5676	6334
5677	6337
5678	6336
5679	6336
5680	6337
5681	6334
5682	6338
5683	6337
5684	6338
5685	6333
5686	6335
5687	6334
5688	6336
5689	6334
5690	6336
5691	6336
5692	6336
5693	6338
5694	6336
5695	6336
5696	6335
5697	6334
5698	6335
5699	6335
5700	6335
5701	6335
5702	6336
5703	6338
5704	6333
5705	6336
5706	6338
5707	6333
5708	6336
5709	6337
5710	6334
5711	6335
5712	6333
5713	6337
5714	6333
5715	6335
5716	6333
5717	6336
5718	6336
5719	6334
5720	6338
5721	6335
5722	6334
5723	6334
5724	6334
5725	6336
5726	6335
5727	6334
5728	6338
5729	6336
5730	6337
5731	6335
5732	6337
5733	6338
5734	6334
5735	6334
5736	6338
5737	6333
5738	6336
5739	6333
5740	6335
5741	6336
5742	6336
5743	6334
5744	6337
5745	6333
5746	6336
5747	6336
5748	6337
5749	6334
5750	6334
5751	6338
5752	6337
5753	6333
5754	6333
5755	6336
5756	6338
5757	6338
5758	6336
5759	6333
5760	6336
5761	6336
5762	6338
5763	6337
5764	6333
5765	6333
5766	6336
5767	6336
5768	6337
5769	6333
5770	6333
5771	6338
5772	6337
5773	6333
5774	6336
5775	6334
5776	6336
5777	6335
5778	6338
5779	6333
5780	6336
5781	6333
5782	6336
5783	6334
5784	6338
5785	6338
5786	6338
5787	6337
5788	6337
5789	6338
5790	6333
5791	6333
5792	6334
5793	6334
5794	6334
5795	6336
5796	6333
5797	6335
5798	6338
5799	6334
5800	6336
5801	6337
5802	6333
5803	6335
5804	6337
5805	6337
5806	6334
5807	6335
5808	6335
5809	6336
5810	6335
5811	6334
5812	6334
5813	6336
5814	6338
5815	6333
5816	6334
5817	6333
5818	6337
5819	6337
5820	6334
5821	6336
5822	6334
5823	6338
5824	6335
5825	6333
5826	6335
5827	6338
5828	6336
5829	6333
5830	6337
5831	6333
5832	6338
5833	6338
5834	6335
5835	6335
5836	6335
5837	6333
5838	6336
5839	6337
5840	6337
5841	6336
5842	6334
5843	6335
5844	6334
5845	6336
5846	6335
5847	6335
5848	6334
5849	6337
5850	6337
5851	6338
5852	6335
5853	6337
5854	6333
5855	6337
5856	6334
5857	6338
5858	6337
5859	6338
5860	6338
5861	6337
5862	6335
5863	6336
5864	6335
5865	6334
5866	6337
5867	6334
5868	6334
5869	6333
5870	6336
5871	6333
5872	6334
5873	6333
5874	6335
5875	6335
5876	6335
5877	6337
5878	6337
5879	6336
5880	6333
5881	6337
5882	6334
5883	6335
5884	6337
5885	6335
5886	6336
5887	6338
5888	6338
5889	6337
5890	6336
5891	6336
5892	6337
5893	6333
5894	6334
5895	6334
5896	6336
5897	6337
5898	6337
5899	6338
5900	6337
5901	6334
5902	6338
5903	6337
5904	6333
5905	6335
5906	6334
5907	6338
5908	6337
5909	6334
5910	6338
5911	6337
5912	6333
5913	6333
5914	6334
5915	6333
5916	6336
5917	6337
5918	6338
5919	6335
5920	6336
5921	6334
5922	6334
5923	6336
5924	6336
5925	6333
5926	6336
5927	6338
5928	6338
5929	6337
5930	6337
5931	6335
5932	6335
5933	6333
5934	6338
5935	6338
5936	6336
5937	6338
5938	6338
5939	6335
5940	6338
5941	6338
5942	6336
5943	6338
5944	6337
5945	6335
5946	6335
5947	6334
5948	6337
5949	6338
5950	6335
5951	6333
5952	6333
5953	6338
5954	6333
5955	6335
5956	6334
5957	6337
5958	6333
5959	6333
5960	6334
5961	6334
5962	6335
5963	6335
5964	6333
5965	6338
5966	6333
5967	6334
5968	6335
5969	6338
5970	6334
5971	6336
5972	6337
5973	6337
5974	6337
5975	6338
5976	6333
5977	6336
5978	6336
5979	6334
5980	6336
5981	6335
5982	6338
5983	6338
5984	6334
5985	6334
5986	6333
5987	6337
5988	6334
5989	6335
5990	6337
5991	6336
5992	6335
5993	6334
5994	6336
5995	6337
5996	6335
5997	6336
5998	6333
5999	6337
6000	6337
6001	6336
6002	6336
6003	6335
6004	6336
6005	6338
6006	6333
6007	6333
6008	6338
6009	6333
6010	6337
6011	6333
6012	6336
6013	6338
6014	6338
6015	6334
6016	6334
6017	6338
6018	6338
6019	6334
6020	6335
6021	6335
6022	6338
6023	6334
6024	6334
6025	6336
6026	6338
6027	6336
6028	6338
6029	6335
6030	6336
6031	6336
6032	6335
6033	6335
6034	6333
6035	6337
6036	6338
6037	6336
6038	6336
6039	6337
6040	6336
6041	6333
6042	6333
6043	6335
6044	6338
6045	6333
6046	6335
6047	6336
6048	6337
6049	6337
6050	6333
6051	6333
6052	6335
6053	6337
6054	6335
6055	6338
6056	6334
6057	6337
6058	6333
6059	6334
6060	6337
6061	6336
6062	6338
6063	6333
6064	6337
6065	6338
6066	6335
6067	6336
6068	6336
6069	6337
6070	6333
6071	6335
6072	6336
6073	6336
6074	6333
6075	6337
6076	6336
6077	6336
6078	6337
6079	6336
6080	6334
6081	6338
6082	6336
6083	6336
6084	6336
6085	6337
6086	6334
6087	6338
6088	6333
6089	6336
6090	6334
6091	6333
6092	6333
6093	6338
6094	6335
6095	6336
6096	6335
6097	6333
6098	6334
6099	6334
6100	6333
6101	6334
6102	6336
6103	6337
6104	6333
6105	6336
6106	6335
6107	6336
6108	6337
6109	6333
6110	6337
6111	6335
6112	6338
6113	6336
6114	6334
6115	6335
6116	6333
6117	6338
6118	6337
6119	6334
6120	6338
6121	6335
6122	6335
6123	6334
6124	6338
6125	6333
6126	6333
6127	6336
6128	6336
6129	6333
6130	6338
6131	6335
6132	6338
6133	6338
6134	6333
6135	6337
6136	6333
6137	6333
6138	6333
6139	6334
6140	6337
6141	6334
6142	6334
6143	6337
6144	6334
6145	6333
6146	6336
6147	6335
6148	6336
6149	6337
6150	6338
6151	6338
6152	6338
6153	6338
6154	6337
6155	6335
6156	6334
6157	6338
6158	6338
6159	6336
6160	6334
6161	6334
6162	6335
6163	6336
6164	6335
6165	6335
6166	6336
6167	6336
6168	6336
6169	6335
6170	6333
6171	6333
6172	6335
6173	6338
6174	6336
6175	6336
6176	6335
6177	6337
6178	6333
6179	6335
6180	6338
6181	6333
6182	6335
6183	6337
6184	6338
6185	6336
6186	6335
6187	6334
6188	6337
6189	6337
6190	6337
6191	6337
6192	6334
6193	6333
6194	6335
6195	6334
6196	6333
6197	6333
6198	6337
6199	6335
6200	6335
6201	6334
6202	6335
6203	6335
6204	6337
6205	6338
6206	6336
6207	6333
6208	6338
6209	6333
6210	6336
6211	6333
6212	6336
6213	6338
6214	6336
6215	6334
6216	6333
6217	6336
6218	6335
6219	6334
6220	6337
6221	6335
6222	6338
6223	6338
6224	6334
6225	6333
6226	6336
6227	6335
6228	6336
6229	6335
6230	6336
6231	6333
6232	6336
6233	6334
6234	6333
6235	6335
6236	6338
6237	6333
6238	6336
6239	6338
6240	6334
6241	6336
6242	6333
6243	6337
6244	6338
6245	6334
6246	6337
6247	6337
6248	6334
6249	6333
6250	6338
6251	6333
6252	6333
6253	6335
6254	6337
6255	6338
6256	6338
6257	6336
6258	6334
6259	6335
6260	6335
6261	6336
6262	6337
6263	6334
6264	6334
6265	6333
6266	6335
6267	6334
6268	6335
6269	6333
6270	6334
6271	6335
6272	6337
6273	6333
6274	6335
6275	6335
6276	6336
6277	6338
6278	6334
6279	6338
6280	6338
6281	6334
6282	6336
6283	6335
6284	6333
6285	6337
6286	6338
6287	6336
6288	6335
6289	6337
6290	6335
6291	6335
6292	6336
6293	6337
6294	6338
6295	6338
6296	6336
6297	6333
6298	6336
6299	6338
6300	6337
6301	6338
6302	6338
6303	6337
6304	6338
6305	6336
6306	6333
6307	6337
6308	6337
6309	6333
6310	6335
6311	6337
6312	6338
6313	6337
6314	6334
6315	6337
6316	6338
6317	6336
6318	6333
6319	6333
6320	6336
6321	6338
6322	6336
6323	6335
6324	6334
6325	6334
6326	6334
6327	6337
6328	6333
6329	6335
6330	6336
6331	6333
6332	6335